{
 "cells": [
  {
   "cell_type": "code",
   "execution_count": 124,
   "id": "15ac2084",
   "metadata": {},
   "outputs": [],
   "source": [
    "import numpy as np\n",
    "import pandas as pd\n",
    "from numpy import linalg as la\n",
    "import matplotlib.pyplot as plt\n",
    "import matplotlib.mlab as mlab\n",
    "import csv\n",
    "import io\n",
    "from mpl_toolkits import mplot3d \n",
    "#import necessary libraries\n"
   ]
  },
  {
   "cell_type": "code",
   "execution_count": 125,
   "id": "b85f5846",
   "metadata": {
    "scrolled": true
   },
   "outputs": [
    {
     "name": "stdout",
     "output_type": "stream",
     "text": [
      "           f1        f2        f3        f4        f5        f6        f7  \\\n",
      "0    1.102422 -2.071512  1.262645  0.983510  1.567087  3.280628  0.314317   \n",
      "1    1.836635 -0.353322  1.675175  1.907030 -0.826235 -0.486643 -0.044955   \n",
      "2    1.586206  0.455786  1.556726  1.557513  0.941382  1.052000  0.141253   \n",
      "3   -0.767260  0.253509 -0.584344 -0.763792  3.280667  3.399917  0.215399   \n",
      "4    1.756953 -1.150804  1.765033  1.824624  0.280125  0.538866  0.142264   \n",
      "..        ...       ...       ...       ...       ...       ...       ...   \n",
      "564  2.118368  0.720838  2.046860  2.341795  1.040926  0.218868  0.219612   \n",
      "565  1.711420  2.083301  1.605739  1.722326  0.102368 -0.017817  0.051267   \n",
      "566  0.706858  2.043775  0.670400  0.577445 -0.839745 -0.038646 -0.035501   \n",
      "567  1.845172  2.334403  1.969255  1.733693  1.524426  3.269267  0.400765   \n",
      "568 -1.808817  1.220718 -1.795793 -1.346604 -3.109349 -1.149741 -0.191394   \n",
      "\n",
      "           f8        f9       f10  ...       f22       f23       f24  \\\n",
      "0    2.530249  2.215566  2.253764  ... -1.358098  2.301575  1.995901   \n",
      "1    0.547662  0.001391 -0.867889  ... -0.368879  1.533776  1.885663   \n",
      "2    2.035440  0.938859 -0.397658  ... -0.023953  1.346291  1.453463   \n",
      "3    1.450431  2.864862  4.906602  ...  0.133866 -0.249720 -0.543582   \n",
      "4    1.427237 -0.009552 -0.561956  ... -1.465481  1.337363  1.218990   \n",
      "..        ...       ...       ...  ...       ...       ...       ...   \n",
      "564  2.318924 -0.312314 -0.930209  ...  0.117596  1.751022  2.009899   \n",
      "565  1.262558 -0.217473 -1.057681  ...  2.045599  1.420690  1.491959   \n",
      "566  0.105684 -0.808406 -0.894800  ...  1.373645  0.578492  0.429831   \n",
      "567  2.656528  2.135315  1.042778  ...  2.235958  2.301575  1.649440   \n",
      "568 -1.260710 -0.819349 -0.560539  ...  0.763518 -1.431475 -1.066947   \n",
      "\n",
      "          f25       f26       f27       f28       f29       f30  Class  \n",
      "0    1.306537  2.614365  0.673142  2.294058  2.748204  1.935312      1  \n",
      "1   -0.375282 -0.430066 -0.089487  1.086129 -0.243675  0.280943      1  \n",
      "2    0.526944  1.081980  0.249099  1.953282  1.151242  0.201214      1  \n",
      "3    3.391291  3.889975  0.632602  2.173873  6.040726  4.930672      1  \n",
      "4    0.220362 -0.313119  0.167371  0.728618 -0.867590 -0.396751      1  \n",
      "..        ...       ...       ...       ...       ...       ...    ...  \n",
      "564  0.378033 -0.273077  0.184722  1.627719 -1.358963 -0.708467      1  \n",
      "565 -0.690623 -0.394473  0.040077  0.733182 -0.531387 -0.973122      1  \n",
      "566 -0.808876  0.350427  0.070563  0.413705 -1.103578 -0.318129      1  \n",
      "567  1.429169  3.901415  1.040916  2.287972  1.917396  2.217684      1  \n",
      "568 -1.857384 -1.206491 -0.481261 -1.743529 -0.048096 -0.750546      0  \n",
      "\n",
      "[569 rows x 31 columns]\n"
     ]
    }
   ],
   "source": [
    "data1=pd.read_csv(\"gg.csv\") #and print the dataset given\n",
    "data1.isnull().sum()\n",
    "data1=data1.fillna(value = data1['radius_mean' ].mean())\n",
    "data1=data1.fillna(value = data1['perimeter_mean' ].mean())\n",
    "data1=data1.fillna(value = data1['concavity_mean' ].mean())\n",
    "data1=data1.fillna(value = data1['compactness_se' ].mean())\n",
    "data1=data1.fillna(value = data1['area_worst' ].mean())\n",
    "data1=data1.fillna(value = data1['concavity_worst' ].mean())\n",
    "data1.columns=[\"ID\",\"Class\",\"f1\",\"f2\",\"f3\",\"f4\",\"f5\",\"f6\",\"f7\",\"f8\",\"f9\",\"f10\",\"f11\",\"f12\",\"f13\",\"f14\",\"f15\",\"f16\",\"f17\",\"f18\",\"f19\",\"f20\",\"f21\",\"f22\",\"f23\",\"f24\",\"f25\",\"f26\",\"f27\",\"f28\",\"f29\",\"f30\"]\n",
    "data1.pop(\"ID\")\n",
    "df = data1['Class']\n",
    "data1.pop(\"Class\")\n",
    "data1=(data1-data1.mean())/data1.std()\n",
    "data1.insert(30, 'Class',df, True)\n",
    "print(data1)"
   ]
  },
  {
   "cell_type": "code",
   "execution_count": 126,
   "id": "3658bd01",
   "metadata": {},
   "outputs": [],
   "source": [
    "def norm_pdf(x, loc=0, scale=1):\n",
    "    \"\"\"PDF for the normal distribution.\"\"\"\n",
    "    z = (x - loc) / scale\n",
    "    pdf = np.exp(-0.5 * z ** 2) / (np.sqrt(2 * np.pi) * scale)\n",
    "    return pdf"
   ]
  },
  {
   "cell_type": "code",
   "execution_count": 127,
   "id": "08aa9bc8",
   "metadata": {},
   "outputs": [
    {
     "data": {
      "text/html": [
       "<div>\n",
       "<style scoped>\n",
       "    .dataframe tbody tr th:only-of-type {\n",
       "        vertical-align: middle;\n",
       "    }\n",
       "\n",
       "    .dataframe tbody tr th {\n",
       "        vertical-align: top;\n",
       "    }\n",
       "\n",
       "    .dataframe thead th {\n",
       "        text-align: right;\n",
       "    }\n",
       "</style>\n",
       "<table border=\"1\" class=\"dataframe\">\n",
       "  <thead>\n",
       "    <tr style=\"text-align: right;\">\n",
       "      <th></th>\n",
       "      <th>f1</th>\n",
       "      <th>f2</th>\n",
       "      <th>f3</th>\n",
       "      <th>f4</th>\n",
       "      <th>f5</th>\n",
       "      <th>f6</th>\n",
       "      <th>f7</th>\n",
       "      <th>f8</th>\n",
       "      <th>f9</th>\n",
       "      <th>f10</th>\n",
       "      <th>...</th>\n",
       "      <th>f21</th>\n",
       "      <th>f22</th>\n",
       "      <th>f23</th>\n",
       "      <th>f24</th>\n",
       "      <th>f25</th>\n",
       "      <th>f26</th>\n",
       "      <th>f27</th>\n",
       "      <th>f28</th>\n",
       "      <th>f29</th>\n",
       "      <th>f30</th>\n",
       "    </tr>\n",
       "    <tr>\n",
       "      <th>Class</th>\n",
       "      <th></th>\n",
       "      <th></th>\n",
       "      <th></th>\n",
       "      <th></th>\n",
       "      <th></th>\n",
       "      <th></th>\n",
       "      <th></th>\n",
       "      <th></th>\n",
       "      <th></th>\n",
       "      <th></th>\n",
       "      <th></th>\n",
       "      <th></th>\n",
       "      <th></th>\n",
       "      <th></th>\n",
       "      <th></th>\n",
       "      <th></th>\n",
       "      <th></th>\n",
       "      <th></th>\n",
       "      <th></th>\n",
       "      <th></th>\n",
       "      <th></th>\n",
       "    </tr>\n",
       "  </thead>\n",
       "  <tbody>\n",
       "    <tr>\n",
       "      <th>0.0</th>\n",
       "      <td>-0.544380</td>\n",
       "      <td>-0.326235</td>\n",
       "      <td>-0.555204</td>\n",
       "      <td>-0.532646</td>\n",
       "      <td>-0.314336</td>\n",
       "      <td>-0.437892</td>\n",
       "      <td>-0.111195</td>\n",
       "      <td>-0.589369</td>\n",
       "      <td>-0.280609</td>\n",
       "      <td>0.007851</td>\n",
       "      <td>...</td>\n",
       "      <td>-0.585195</td>\n",
       "      <td>-0.360994</td>\n",
       "      <td>-0.586867</td>\n",
       "      <td>-0.555152</td>\n",
       "      <td>-0.366750</td>\n",
       "      <td>-0.421420</td>\n",
       "      <td>-0.199547</td>\n",
       "      <td>-0.592758</td>\n",
       "      <td>-0.323981</td>\n",
       "      <td>-0.227865</td>\n",
       "    </tr>\n",
       "    <tr>\n",
       "      <th>1.0</th>\n",
       "      <td>0.950538</td>\n",
       "      <td>0.618290</td>\n",
       "      <td>0.966812</td>\n",
       "      <td>0.927669</td>\n",
       "      <td>0.373825</td>\n",
       "      <td>0.720537</td>\n",
       "      <td>0.072922</td>\n",
       "      <td>0.973909</td>\n",
       "      <td>0.354963</td>\n",
       "      <td>-0.119017</td>\n",
       "      <td>...</td>\n",
       "      <td>1.027964</td>\n",
       "      <td>0.664801</td>\n",
       "      <td>1.038382</td>\n",
       "      <td>0.971962</td>\n",
       "      <td>0.461648</td>\n",
       "      <td>0.694331</td>\n",
       "      <td>0.224668</td>\n",
       "      <td>0.999359</td>\n",
       "      <td>0.503140</td>\n",
       "      <td>0.308713</td>\n",
       "    </tr>\n",
       "  </tbody>\n",
       "</table>\n",
       "<p>2 rows × 30 columns</p>\n",
       "</div>"
      ],
      "text/plain": [
       "             f1        f2        f3        f4        f5        f6        f7  \\\n",
       "Class                                                                         \n",
       "0.0   -0.544380 -0.326235 -0.555204 -0.532646 -0.314336 -0.437892 -0.111195   \n",
       "1.0    0.950538  0.618290  0.966812  0.927669  0.373825  0.720537  0.072922   \n",
       "\n",
       "             f8        f9       f10  ...       f21       f22       f23  \\\n",
       "Class                                ...                                 \n",
       "0.0   -0.589369 -0.280609  0.007851  ... -0.585195 -0.360994 -0.586867   \n",
       "1.0    0.973909  0.354963 -0.119017  ...  1.027964  0.664801  1.038382   \n",
       "\n",
       "            f24       f25       f26       f27       f28       f29       f30  \n",
       "Class                                                                        \n",
       "0.0   -0.555152 -0.366750 -0.421420 -0.199547 -0.592758 -0.323981 -0.227865  \n",
       "1.0    0.971962  0.461648  0.694331  0.224668  0.999359  0.503140  0.308713  \n",
       "\n",
       "[2 rows x 30 columns]"
      ]
     },
     "execution_count": 127,
     "metadata": {},
     "output_type": "execute_result"
    }
   ],
   "source": [
    "dataset = np.array(data1)\n",
    "np.random.shuffle(dataset) #shuffling to avoid bias\n",
    "size_train=int(dataset.shape[0]*0.67)  #Training data size 70% of total\n",
    "size_test=int(dataset.shape[0]-size_train) #Testing data size 30% of total\n",
    "train_data = dataset[:size_train,:]\n",
    "test_data = dataset[size_test:,:]\n",
    "train_data = pd.DataFrame(train_data,columns =[\"f1\",\"f2\",\"f3\",\"f4\",\"f5\",\"f6\",\"f7\",\"f8\",\"f9\",\"f10\",\"f11\",\"f12\",\"f13\",\"f14\",\"f15\",\"f16\",\"f17\",\"f18\",\"f19\",\"f20\",\"f21\",\"f22\",\"f23\",\"f24\",\"f25\",\"f26\",\"f27\",\"f28\",\"f29\",\"f30\",\"Class\"])\n",
    "test_data = pd.DataFrame(test_data,columns =[\"f1\",\"f2\",\"f3\",\"f4\",\"f5\",\"f6\",\"f7\",\"f8\",\"f9\",\"f10\",\"f11\",\"f12\",\"f13\",\"f14\",\"f15\",\"f16\",\"f17\",\"f18\",\"f19\",\"f20\",\"f21\",\"f22\",\"f23\",\"f24\",\"f25\",\"f26\",\"f27\",\"f28\",\"f29\",\"f30\",\"Class\"])\n",
    "mean1 = train_data.groupby(\"Class\").mean()   #classifying into two classes and finding the mean\n",
    "mean1"
   ]
  },
  {
   "cell_type": "code",
   "execution_count": 128,
   "id": "d92e2286",
   "metadata": {},
   "outputs": [
    {
     "data": {
      "text/plain": [
       "f1    -1.494918\n",
       "f2    -0.944525\n",
       "f3    -1.522016\n",
       "f4    -1.460315\n",
       "f5    -0.688161\n",
       "f6    -1.158429\n",
       "f7    -0.184117\n",
       "f8    -1.563277\n",
       "f9    -0.635572\n",
       "f10    0.126868\n",
       "f11   -1.180878\n",
       "f12   -0.035924\n",
       "f13   -1.150953\n",
       "f14   -1.132495\n",
       "f15    0.068549\n",
       "f16    0.082438\n",
       "f17   -0.448422\n",
       "f18   -0.813154\n",
       "f19    0.028713\n",
       "f20   -0.118915\n",
       "f21   -1.613159\n",
       "f22   -1.025796\n",
       "f23   -1.625248\n",
       "f24   -1.527114\n",
       "f25   -0.828399\n",
       "f26   -1.115751\n",
       "f27   -0.424215\n",
       "f28   -1.592118\n",
       "f29   -0.827121\n",
       "f30   -0.536577\n",
       "dtype: float64"
      ]
     },
     "execution_count": 128,
     "metadata": {},
     "output_type": "execute_result"
    }
   ],
   "source": [
    "mean_vector = mean1.iloc[0]-mean1.iloc[1]\n",
    "mean_vector"
   ]
  },
  {
   "cell_type": "code",
   "execution_count": 129,
   "id": "4e1215d6",
   "metadata": {},
   "outputs": [
    {
     "name": "stdout",
     "output_type": "stream",
     "text": [
      "141\n",
      "240\n",
      "[[-1.26816326 -0.02997793 -1.14597859 ...  0.39103348  1.88461656\n",
      "   0.97880394]\n",
      " [-0.92951472  0.43270131 -0.92664349 ... -0.04710701  2.44387656\n",
      "   0.72411528]\n",
      " [-0.01032581  0.83958005 -0.04317643 ... -1.07095613 -2.60077796\n",
      "  -1.18162031]\n",
      " ...\n",
      " [ 1.29589    -0.01137776  1.29243952 ...  0.95696494 -0.76136212\n",
      "  -0.20937403]\n",
      " [-0.98927623 -0.54148263 -0.99812141 ...  0.03656565 -0.05339714\n",
      "   0.88467987]\n",
      " [-0.56809989 -0.57403293 -0.56598634 ... -0.43960786 -0.60619171\n",
      "  -0.51666143]]\n",
      "[[ 0.34058605 -0.21773825  0.29353154 ... -0.0878234   0.06575885\n",
      "  -0.22203822]\n",
      " [ 0.19260517  0.07753946  0.25146168 ...  0.51659749 -0.19124214\n",
      "   0.50382446]\n",
      " [-0.057824   -0.51999103 -0.05487226 ...  0.01030182  1.0969955\n",
      "  -0.03268274]\n",
      " ...\n",
      " [-0.32532789 -0.6804175  -0.27788336 ...  0.48464975  0.97091954\n",
      "   0.60736094]\n",
      " [ 0.28367033 -0.10613722  0.23839143 ... -0.39467387  0.10778417\n",
      "  -0.43464789]\n",
      " [-0.70666323  0.07753946 -0.71737044 ... -1.15077047 -1.27905133\n",
      "  -0.78844366]]\n"
     ]
    }
   ],
   "source": [
    "points = train_data.groupby('Class')\n",
    "positive_points = points.get_group(1)  #positive as class 1\n",
    "negative_points = points.get_group(0)  #negative as class 0\n",
    "del positive_points['Class']\n",
    "del negative_points['Class']\n",
    "pos_diff = positive_points - mean1.iloc[1]  #(xn-M1)  M1 is mean vector for all points of class 1\n",
    "neg_diff = negative_points - mean1.iloc[0]  #(xn-M2)  M2 is mean vector for all points of class 0\n",
    "pos_diff = pos_diff.values\n",
    "neg_diff = neg_diff.values\n",
    "N1 = len(positive_points)\n",
    "N2 = len(negative_points)\n",
    "print(N1)\n",
    "print(N2)\n",
    "print(pos_diff)\n",
    "print(neg_diff)"
   ]
  },
  {
   "cell_type": "code",
   "execution_count": 130,
   "id": "988a8bc3",
   "metadata": {},
   "outputs": [
    {
     "data": {
      "text/plain": [
       "array([[ 1.02337842e+00,  1.13401351e-01,  9.85206251e-01,\n",
       "         1.05292367e+00, -1.49837415e-01,  1.80105698e-01,\n",
       "         5.40427559e-02,  5.75213363e-01, -1.66686727e-01,\n",
       "        -5.89843969e-01,  6.05293975e-01, -9.05777743e-02,\n",
       "         6.03689664e-01,  7.71754819e-01, -1.95487791e-01,\n",
       "         5.10109623e-02,  5.39958905e-02,  1.55685808e-01,\n",
       "        -1.86734032e-01, -1.28739509e-01,  8.96235761e-01,\n",
       "         3.59826190e-02,  8.83015122e-01,  9.47722375e-01,\n",
       "        -2.85307811e-01,  8.26383056e-03,  4.71556704e-02,\n",
       "         3.59840873e-01, -2.99660704e-01, -4.38269865e-01],\n",
       "       [ 1.13401351e-01,  1.56223861e+00,  1.09495009e-01,\n",
       "         1.29184176e-01, -2.90379604e-01,  3.17022538e-02,\n",
       "         1.29072532e-02,  2.92413691e-02, -1.69493305e-01,\n",
       "        -1.59446556e-01,  1.52275679e-01,  6.82786489e-01,\n",
       "         1.82329995e-01,  1.55231585e-01,  5.79251663e-02,\n",
       "        -1.03003010e-01,  1.05462560e-01,  2.26845559e-02,\n",
       "         2.63520213e-02,  4.32610125e-02,  1.31919099e-01,\n",
       "         1.35156135e+00,  1.44961469e-01,  1.58876849e-01,\n",
       "        -2.04492748e-01,  8.97998304e-02,  2.96473477e-02,\n",
       "        -2.75944121e-02, -1.72925542e-01, -8.03168505e-02],\n",
       "       [ 9.85206251e-01,  1.09495009e-01,  9.94738439e-01,\n",
       "         1.03860527e+00, -7.65372219e-02,  2.90052885e-01,\n",
       "         6.43755353e-02,  6.28586455e-01, -7.07652940e-02,\n",
       "        -4.81163410e-01,  6.25465575e-01, -5.97181742e-02,\n",
       "         6.33220565e-01,  7.81213211e-01, -1.55397995e-01,\n",
       "         5.35779381e-02,  1.23308320e-01,  2.16916186e-01,\n",
       "        -1.17619809e-01, -5.79728459e-02,  8.76502061e-01,\n",
       "         2.66879521e-02,  8.75223469e-01,  9.26153739e-01,\n",
       "        -2.39404954e-01,  9.02334188e-02,  6.93519281e-02,\n",
       "         4.03109147e-01, -2.43384942e-01, -3.57023965e-01],\n",
       "       [ 1.05292367e+00,  1.29184176e-01,  1.03860527e+00,\n",
       "         1.15892015e+00, -1.34597892e-01,  1.99283717e-01,\n",
       "         6.29988169e-02,  6.38391515e-01, -1.42854025e-01,\n",
       "        -5.70087806e-01,  7.67615773e-01, -2.17310051e-02,\n",
       "         7.55230280e-01,  9.66839245e-01, -1.31387668e-01,\n",
       "         3.87003380e-02,  1.03152488e-01,  1.91816861e-01,\n",
       "        -1.44201471e-01, -9.89440702e-02,  9.63480551e-01,\n",
       "         4.02851053e-02,  9.50534197e-01,  1.07157913e+00,\n",
       "        -2.86094396e-01, -1.30426870e-02,  4.94964070e-02,\n",
       "         3.69532426e-01, -3.32973627e-01, -4.58934393e-01],\n",
       "       [-1.49837415e-01, -2.90379604e-01, -7.65372219e-02,\n",
       "        -1.34597892e-01,  1.76684112e+00,  1.03244345e+00,\n",
       "         9.46388617e-02,  6.72084944e-01,  9.79353269e-01,\n",
       "         1.30829576e+00,  2.29995756e-01,  2.06040368e-01,\n",
       "         2.22208872e-01,  1.31915070e-01,  7.06970835e-01,\n",
       "         2.47864962e-01,  4.00827921e-01,  5.30123917e-01,\n",
       "         3.88703219e-01,  6.40763978e-01, -1.08985633e-01,\n",
       "        -2.23475454e-01, -5.96365208e-02, -1.03424920e-01,\n",
       "         1.31997669e+00,  6.17250571e-01,  1.66802103e-01,\n",
       "         5.39494113e-01,  5.45295852e-01,  9.18825311e-01],\n",
       "       [ 1.80105698e-01,  3.17022538e-02,  2.90052885e-01,\n",
       "         1.99283717e-01,  1.03244345e+00,  1.52744470e+00,\n",
       "         1.54790618e-01,  9.09679653e-01,  1.01620402e+00,\n",
       "         1.29821728e+00,  4.28269598e-01,  1.45691858e-01,\n",
       "         5.47470217e-01,  3.47876226e-01,  4.61873552e-01,\n",
       "         6.78718421e-02,  9.05775517e-01,  8.54087339e-01,\n",
       "         6.28053231e-01,  9.71707446e-01,  1.70954465e-01,\n",
       "        -2.92818048e-02,  2.99676841e-01,  1.62224062e-01,\n",
       "         7.41414633e-01,  1.18091602e+00,  3.30325170e-01,\n",
       "         8.13607242e-01,  6.55199466e-01,  1.11968804e+00],\n",
       "       [ 5.40427559e-02,  1.29072532e-02,  6.43755353e-02,\n",
       "         6.29988169e-02,  9.46388617e-02,  1.54790618e-01,\n",
       "         2.25635807e-02,  1.25924435e-01,  9.63364153e-02,\n",
       "         1.11007966e-01,  7.61532434e-02,  3.38072429e-02,\n",
       "         8.41678891e-02,  7.61490944e-02,  5.99330721e-02,\n",
       "         1.32247886e-02,  1.51748992e-01,  1.16712966e-01,\n",
       "         6.21421709e-02,  1.18151592e-01,  4.74998759e-02,\n",
       "         3.26115701e-03,  5.96374230e-02,  5.39601140e-02,\n",
       "         6.14592231e-02,  1.13102875e-01,  4.58318306e-02,\n",
       "         1.00740295e-01,  4.48651167e-02,  9.50777342e-02],\n",
       "       [ 5.75213363e-01,  2.92413691e-02,  6.28586455e-01,\n",
       "         6.38391515e-01,  6.72084944e-01,  9.09679653e-01,\n",
       "         1.25924435e-01,  9.55975396e-01,  5.62430346e-01,\n",
       "         4.65911135e-01,  6.12027514e-01,  1.84235029e-01,\n",
       "         6.47671136e-01,  6.29151819e-01,  2.87871005e-01,\n",
       "         1.22409244e-01,  5.49713197e-01,  6.41067989e-01,\n",
       "         2.88610095e-01,  4.94230750e-01,  5.19846745e-01,\n",
       "        -3.08547870e-02,  5.73000697e-01,  5.62767223e-01,\n",
       "         3.62758014e-01,  5.45363206e-01,  1.98212595e-01,\n",
       "         6.95210388e-01,  1.74318684e-01,  3.41292272e-01],\n",
       "       [-1.66686727e-01, -1.69493305e-01, -7.07652940e-02,\n",
       "        -1.42854025e-01,  9.79353269e-01,  1.01620402e+00,\n",
       "         9.63364153e-02,  5.62430346e-01,  2.03066033e+00,\n",
       "         1.09500217e+00,  3.12429724e-01,  2.46790822e-01,\n",
       "         3.18377918e-01,  1.55977460e-01,  4.31830478e-01,\n",
       "         1.09026427e-01,  5.73806444e-01,  5.61395004e-01,\n",
       "         1.13789433e+00,  6.57172384e-01, -1.24723139e-01,\n",
       "        -1.50910613e-01, -5.21361671e-02, -1.39648177e-01,\n",
       "         6.60206374e-01,  6.83201895e-01,  1.78543048e-01,\n",
       "         4.66437207e-01,  1.41502481e+00,  7.94460150e-01],\n",
       "       [-5.89843969e-01, -1.59446556e-01, -4.81163410e-01,\n",
       "        -5.70087806e-01,  1.30829576e+00,  1.29821728e+00,\n",
       "         1.11007966e-01,  4.65911135e-01,  1.09500217e+00,\n",
       "         2.05612014e+00,  3.99794657e-02,  2.63792040e-01,\n",
       "         1.04513224e-01, -1.69246212e-01,  6.83230168e-01,\n",
       "         5.68220466e-02,  8.85743627e-01,  6.96173214e-01,\n",
       "         7.41195377e-01,  1.27673634e+00, -4.86544060e-01,\n",
       "        -1.29521527e-01, -3.80100388e-01, -4.91046999e-01,\n",
       "         1.10338355e+00,  1.03690205e+00,  2.68228211e-01,\n",
       "         4.89017502e-01,  8.33151684e-01,  1.64172089e+00],\n",
       "       [ 6.05293975e-01,  1.52275679e-01,  6.25465575e-01,\n",
       "         7.67615773e-01,  2.29995756e-01,  4.28269598e-01,\n",
       "         7.61532434e-02,  6.12027514e-01,  3.12429724e-01,\n",
       "         3.99794657e-02,  1.53529910e+00,  5.23065630e-01,\n",
       "         1.44852411e+00,  1.48594802e+00,  4.40013103e-01,\n",
       "         1.09370489e-01,  4.58809364e-01,  6.92006586e-01,\n",
       "         3.48051661e-01,  4.38153705e-01,  6.98408538e-01,\n",
       "        -5.34832254e-02,  7.01754348e-01,  8.80637699e-01,\n",
       "        -1.37022839e-01, -9.31124266e-03,  2.55013616e-02,\n",
       "         2.43171095e-01, -3.28727410e-01, -2.13908749e-01],\n",
       "       [-9.05777743e-02,  6.82786489e-01, -5.97181742e-02,\n",
       "        -2.17310051e-02,  2.06040368e-01,  1.45691858e-01,\n",
       "         3.38072429e-02,  1.84235029e-01,  2.46790822e-01,\n",
       "         2.63792040e-01,  5.23065630e-01,  1.86892407e+00,\n",
       "         5.12598111e-01,  3.23743426e-01,  7.11779756e-01,\n",
       "         2.70980792e-01,  4.28067700e-01,  5.02821118e-01,\n",
       "         7.11229771e-01,  5.01045898e-01, -1.19418836e-01,\n",
       "         7.08839107e-01, -1.05748128e-01, -6.39000885e-02,\n",
       "        -1.65270235e-01, -1.94078636e-01, -3.51790019e-02,\n",
       "        -1.48357381e-01, -3.11571570e-01, -1.69854315e-01],\n",
       "       [ 6.03689664e-01,  1.82329995e-01,  6.33220565e-01,\n",
       "         7.55230280e-01,  2.22208872e-01,  5.47470217e-01,\n",
       "         8.41678891e-02,  6.47671136e-01,  3.18377918e-01,\n",
       "         1.04513224e-01,  1.44852411e+00,  5.12598111e-01,\n",
       "         1.47065412e+00,  1.42102411e+00,  4.18244602e-01,\n",
       "         1.21529932e-01,  4.91440168e-01,  7.42932326e-01,\n",
       "         4.18304634e-01,  4.36405786e-01,  6.67822747e-01,\n",
       "        -2.30490406e-02,  7.15284385e-01,  8.38233374e-01,\n",
       "        -1.42770136e-01,  1.34579000e-01,  5.95007349e-02,\n",
       "         3.12743762e-01, -2.71102278e-01, -1.37964167e-01],\n",
       "       [ 7.71754819e-01,  1.55231585e-01,  7.81213211e-01,\n",
       "         9.66839245e-01,  1.31915070e-01,  3.47876226e-01,\n",
       "         7.61490944e-02,  6.29151819e-01,  1.55977460e-01,\n",
       "        -1.69246212e-01,  1.48594802e+00,  3.23743426e-01,\n",
       "         1.42102411e+00,  1.66704161e+00,  2.80656573e-01,\n",
       "         6.28680816e-02,  3.39472474e-01,  5.13537196e-01,\n",
       "         1.41057192e-01,  2.34388756e-01,  8.50645214e-01,\n",
       "        -6.36447079e-03,  8.53596928e-01,  1.09444080e+00,\n",
       "        -1.47917929e-01, -1.09396305e-02,  3.81724302e-02,\n",
       "         2.94569856e-01, -3.58157381e-01, -2.92978502e-01],\n",
       "       [-1.95487791e-01,  5.79251663e-02, -1.55397995e-01,\n",
       "        -1.31387668e-01,  7.06970835e-01,  4.61873552e-01,\n",
       "         5.99330721e-02,  2.87871005e-01,  4.31830478e-01,\n",
       "         6.83230168e-01,  4.40013103e-01,  7.11779756e-01,\n",
       "         4.18244602e-01,  2.80656573e-01,  1.95927211e+00,\n",
       "         1.28176838e-01,  7.79527512e-01,  9.25588855e-01,\n",
       "         6.50362598e-01,  8.67542677e-01, -2.55231221e-01,\n",
       "        -1.56773384e-01, -2.21967154e-01, -1.96318897e-01,\n",
       "         6.01847228e-01,  2.15857296e-02,  2.02559148e-02,\n",
       "         8.93246200e-03, -2.24059861e-01,  1.90549297e-01],\n",
       "       [ 5.10109623e-02, -1.03003010e-01,  5.35779381e-02,\n",
       "         3.87003380e-02,  2.47864962e-01,  6.78718421e-02,\n",
       "         1.32247886e-02,  1.22409244e-01,  1.09026427e-01,\n",
       "         5.68220466e-02,  1.09370489e-01,  2.70980792e-01,\n",
       "         1.21529932e-01,  6.28680816e-02,  1.28176838e-01,\n",
       "         2.36170545e+00,  1.12176898e-01,  3.38821750e-01,\n",
       "        -1.12425570e-02,  1.15372104e-01,  2.43757621e-02,\n",
       "        -1.31162768e-01,  2.45362530e-02,  1.63990877e-02,\n",
       "         7.47002333e-02, -1.44958078e-03,  6.47463301e-03,\n",
       "         5.64868949e-02, -7.76087709e-02, -1.21831773e-02],\n",
       "       [ 5.39958905e-02,  1.05462560e-01,  1.23308320e-01,\n",
       "         1.03152488e-01,  4.00827921e-01,  9.05775517e-01,\n",
       "         1.51748992e-01,  5.49713197e-01,  5.73806444e-01,\n",
       "         8.85743627e-01,  4.58809364e-01,  4.28067700e-01,\n",
       "         4.91440168e-01,  3.39472474e-01,  7.79527512e-01,\n",
       "         1.12176898e-01,  1.95412169e+00,  1.37507854e+00,\n",
       "         6.91705745e-01,  1.40601955e+00,  4.45509972e-03,\n",
       "        -4.10622035e-02,  8.84100661e-02,  3.58771942e-02,\n",
       "         1.95003257e-01,  6.88021353e-01,  3.52329993e-01,\n",
       "         5.11592552e-01,  1.97746006e-01,  6.81584658e-01],\n",
       "       [ 1.55685808e-01,  2.26845559e-02,  2.16916186e-01,\n",
       "         1.91816861e-01,  5.30123917e-01,  8.54087339e-01,\n",
       "         1.16712966e-01,  6.41067989e-01,  5.61395004e-01,\n",
       "         6.96173214e-01,  6.92006586e-01,  5.02821118e-01,\n",
       "         7.42932326e-01,  5.13537196e-01,  9.25588855e-01,\n",
       "         3.38821750e-01,  1.37507854e+00,  1.66140960e+00,\n",
       "         6.86326030e-01,  1.17364022e+00,  8.47459640e-02,\n",
       "        -2.10467325e-01,  1.57477544e-01,  1.04842459e-01,\n",
       "         1.34493040e-01,  4.67368826e-01,  1.96867324e-01,\n",
       "         5.71859884e-01, -5.38264496e-02,  3.60565238e-01],\n",
       "       [-1.86734032e-01,  2.63520213e-02, -1.17619809e-01,\n",
       "        -1.44201471e-01,  3.88703219e-01,  6.28053231e-01,\n",
       "         6.21421709e-02,  2.88610095e-01,  1.13789433e+00,\n",
       "         7.41195377e-01,  3.48051661e-01,  7.11229771e-01,\n",
       "         4.18304634e-01,  1.41057192e-01,  6.50362598e-01,\n",
       "        -1.12425570e-02,  6.91705745e-01,  6.86326030e-01,\n",
       "         2.12120576e+00,  7.01599822e-01, -2.27379603e-01,\n",
       "        -1.14369274e-01, -1.64257069e-01, -2.29453128e-01,\n",
       "         5.44670026e-03,  2.95880683e-01,  6.75429611e-02,\n",
       "         9.68928555e-02,  1.17651134e+00,  2.66324515e-01],\n",
       "       [-1.28739509e-01,  4.32610125e-02, -5.79728459e-02,\n",
       "        -9.89440702e-02,  6.40763978e-01,  9.71707446e-01,\n",
       "         1.18151592e-01,  4.94230750e-01,  6.57172384e-01,\n",
       "         1.27673634e+00,  4.38153705e-01,  5.01045898e-01,\n",
       "         4.36405786e-01,  2.34388756e-01,  8.67542677e-01,\n",
       "         1.15372104e-01,  1.40601955e+00,  1.17364022e+00,\n",
       "         7.01599822e-01,  1.79331587e+00, -1.43824111e-01,\n",
       "        -1.15505761e-01, -6.60564962e-02, -1.28733872e-01,\n",
       "         3.61762787e-01,  7.00966928e-01,  2.31411235e-01,\n",
       "         3.89228931e-01,  1.73301021e-01,  1.07605578e+00],\n",
       "       [ 8.96235761e-01,  1.31919099e-01,  8.76502061e-01,\n",
       "         9.63480551e-01, -1.08985633e-01,  1.70954465e-01,\n",
       "         4.74998759e-02,  5.19846745e-01, -1.24723139e-01,\n",
       "        -4.86544060e-01,  6.98408538e-01, -1.19418836e-01,\n",
       "         6.67822747e-01,  8.50645214e-01, -2.55231221e-01,\n",
       "         2.43757621e-02,  4.45509972e-03,  8.47459640e-02,\n",
       "        -2.27379603e-01, -1.43824111e-01,  9.14784930e-01,\n",
       "         1.21117418e-01,  8.92503282e-01,  1.00234218e+00,\n",
       "        -1.53638589e-01,  5.86309750e-02,  5.27092235e-02,\n",
       "         3.72432279e-01, -1.99172399e-01, -3.08905075e-01],\n",
       "       [ 3.59826190e-02,  1.35156135e+00,  2.66879521e-02,\n",
       "         4.02851053e-02, -2.23475454e-01, -2.92818048e-02,\n",
       "         3.26115701e-03, -3.08547870e-02, -1.50910613e-01,\n",
       "        -1.29521527e-01, -5.34832254e-02,  7.08839107e-01,\n",
       "        -2.30490406e-02, -6.36447079e-03, -1.56773384e-01,\n",
       "        -1.31162768e-01, -4.10622035e-02, -2.10467325e-01,\n",
       "        -1.14369274e-01, -1.15505761e-01,  1.21117418e-01,\n",
       "         1.47703697e+00,  1.25587005e-01,  1.43355797e-01,\n",
       "         3.42258792e-03,  1.44727985e-01,  4.88955628e-02,\n",
       "         3.20490494e-02,  5.38183595e-02,  4.97478899e-02],\n",
       "       [ 8.83015122e-01,  1.44961469e-01,  8.75223469e-01,\n",
       "         9.50534197e-01, -5.96365208e-02,  2.99676841e-01,\n",
       "         5.96374230e-02,  5.73000697e-01, -5.21361671e-02,\n",
       "        -3.80100388e-01,  7.01754348e-01, -1.05748128e-01,\n",
       "         7.15284385e-01,  8.53596928e-01, -2.21967154e-01,\n",
       "         2.45362530e-02,  8.84100661e-02,  1.57477544e-01,\n",
       "        -1.64257069e-01, -6.60564962e-02,  8.92503282e-01,\n",
       "         1.25587005e-01,  9.01174069e-01,  9.78005482e-01,\n",
       "        -1.18866074e-01,  1.85681773e-01,  8.72020756e-02,\n",
       "         4.34642810e-01, -1.39920514e-01, -2.04528119e-01],\n",
       "       [ 9.47722375e-01,  1.58876849e-01,  9.26153739e-01,\n",
       "         1.07157913e+00, -1.03424920e-01,  1.62224062e-01,\n",
       "         5.39601140e-02,  5.62767223e-01, -1.39648177e-01,\n",
       "        -4.91046999e-01,  8.80637699e-01, -6.39000885e-02,\n",
       "         8.38233374e-01,  1.09444080e+00, -1.96318897e-01,\n",
       "         1.63990877e-02,  3.58771942e-02,  1.04842459e-01,\n",
       "        -2.29453128e-01, -1.28733872e-01,  1.00234218e+00,\n",
       "         1.43355797e-01,  9.78005482e-01,  1.17484709e+00,\n",
       "        -1.54172938e-01,  1.91562708e-02,  5.15858249e-02,\n",
       "         3.71329830e-01, -2.71685542e-01, -3.42611919e-01],\n",
       "       [-2.85307811e-01, -2.04492748e-01, -2.39404954e-01,\n",
       "        -2.86094396e-01,  1.31997669e+00,  7.41414633e-01,\n",
       "         6.14592231e-02,  3.62758014e-01,  6.60206374e-01,\n",
       "         1.10338355e+00, -1.37022839e-01, -1.65270235e-01,\n",
       "        -1.42770136e-01, -1.47917929e-01,  6.01847228e-01,\n",
       "         7.47002333e-02,  1.95003257e-01,  1.34493040e-01,\n",
       "         5.44670026e-03,  3.61762787e-01, -1.53638589e-01,\n",
       "         3.42258792e-03, -1.18866074e-01, -1.54172938e-01,\n",
       "         1.60117349e+00,  6.78427727e-01,  1.90537152e-01,\n",
       "         5.14486143e-01,  6.73309909e-01,  1.04948149e+00],\n",
       "       [ 8.26383056e-03,  8.97998304e-02,  9.02334188e-02,\n",
       "        -1.30426870e-02,  6.17250571e-01,  1.18091602e+00,\n",
       "         1.13102875e-01,  5.45363206e-01,  6.83201895e-01,\n",
       "         1.03690205e+00, -9.31124266e-03, -1.94078636e-01,\n",
       "         1.34579000e-01, -1.09396305e-02,  2.15857296e-02,\n",
       "        -1.44958078e-03,  6.88021353e-01,  4.67368826e-01,\n",
       "         2.95880683e-01,  7.00966928e-01,  5.86309750e-02,\n",
       "         1.44727985e-01,  1.85681773e-01,  1.91562708e-02,\n",
       "         6.78427727e-01,  1.37508786e+00,  3.68860274e-01,\n",
       "         7.63083006e-01,  8.31906797e-01,  1.29068081e+00],\n",
       "       [ 4.71556704e-02,  2.96473477e-02,  6.93519281e-02,\n",
       "         4.94964070e-02,  1.66802103e-01,  3.30325170e-01,\n",
       "         4.58318306e-02,  1.98212595e-01,  1.78543048e-01,\n",
       "         2.68228211e-01,  2.55013616e-02, -3.51790019e-02,\n",
       "         5.95007349e-02,  3.81724302e-02,  2.02559148e-02,\n",
       "         6.47463301e-03,  3.52329993e-01,  1.96867324e-01,\n",
       "         6.75429611e-02,  2.31411235e-01,  5.27092235e-02,\n",
       "         4.88955628e-02,  8.72020756e-02,  5.15858249e-02,\n",
       "         1.90537152e-01,  3.68860274e-01,  1.45244066e-01,\n",
       "         2.54203058e-01,  1.97791068e-01,  3.42083643e-01],\n",
       "       [ 3.59840873e-01, -2.75944121e-02,  4.03109147e-01,\n",
       "         3.69532426e-01,  5.39494113e-01,  8.13607242e-01,\n",
       "         1.00740295e-01,  6.95210388e-01,  4.66437207e-01,\n",
       "         4.89017502e-01,  2.43171095e-01, -1.48357381e-01,\n",
       "         3.12743762e-01,  2.94569856e-01,  8.93246200e-03,\n",
       "         5.64868949e-02,  5.11592552e-01,  5.71859884e-01,\n",
       "         9.68928555e-02,  3.89228931e-01,  3.72432279e-01,\n",
       "         3.20490494e-02,  4.34642810e-01,  3.71329830e-01,\n",
       "         5.14486143e-01,  7.63083006e-01,  2.54203058e-01,\n",
       "         8.28562260e-01,  4.33073805e-01,  6.10954647e-01],\n",
       "       [-2.99660704e-01, -1.72925542e-01, -2.43384942e-01,\n",
       "        -3.32973627e-01,  5.45295852e-01,  6.55199466e-01,\n",
       "         4.48651167e-02,  1.74318684e-01,  1.41502481e+00,\n",
       "         8.33151684e-01, -3.28727410e-01, -3.11571570e-01,\n",
       "        -2.71102278e-01, -3.58157381e-01, -2.24059861e-01,\n",
       "        -7.76087709e-02,  1.97746006e-01, -5.38264496e-02,\n",
       "         1.17651134e+00,  1.73301021e-01, -1.99172399e-01,\n",
       "         5.38183595e-02, -1.39920514e-01, -2.71685542e-01,\n",
       "         6.73309909e-01,  8.31906797e-01,  1.97791068e-01,\n",
       "         4.33073805e-01,  2.12008392e+00,  9.29977360e-01],\n",
       "       [-4.38269865e-01, -8.03168505e-02, -3.57023965e-01,\n",
       "        -4.58934393e-01,  9.18825311e-01,  1.11968804e+00,\n",
       "         9.50777342e-02,  3.41292272e-01,  7.94460150e-01,\n",
       "         1.64172089e+00, -2.13908749e-01, -1.69854315e-01,\n",
       "        -1.37964167e-01, -2.92978502e-01,  1.90549297e-01,\n",
       "        -1.21831773e-02,  6.81584658e-01,  3.60565238e-01,\n",
       "         2.66324515e-01,  1.07605578e+00, -3.08905075e-01,\n",
       "         4.97478899e-02, -2.04528119e-01, -3.42611919e-01,\n",
       "         1.04948149e+00,  1.29068081e+00,  3.42083643e-01,\n",
       "         6.10954647e-01,  9.29977360e-01,  1.86711074e+00]])"
      ]
     },
     "execution_count": 130,
     "metadata": {},
     "output_type": "execute_result"
    }
   ],
   "source": [
    "sum_pos=np.zeros((30,30))   #to find Sw matrix -> within covariance matrix\n",
    "sum_neg=np.zeros((30,30))\n",
    "\n",
    "for i in range(len(pos_diff)):\n",
    "  sum_pos= np.dot(pos_diff[i].reshape(30,1),pos_diff[i].reshape(1,30)) + sum_pos\n",
    "for i in range(len(neg_diff)):\n",
    "  sum_neg= np.dot(neg_diff[i].reshape(30,1),neg_diff[i].reshape(1,30)) + sum_neg\n",
    "\n",
    "#summation of (xn-M1)^2 = sum_pos\n",
    "#summation of (xn-M2)^2 = sum_neg\n",
    "\n",
    "covariance_matrix = sum_pos/N1 + sum_neg/N2  \n",
    "covariance_matrix\n"
   ]
  },
  {
   "cell_type": "code",
   "execution_count": 131,
   "id": "6589a736",
   "metadata": {},
   "outputs": [
    {
     "data": {
      "text/plain": [
       "array([[ 3.81016028e+01, -1.25117800e+00, -1.11103784e+01,\n",
       "        -1.79913385e+01, -1.45080721e+00, -7.55264395e-01,\n",
       "        -1.73454087e+01,  2.21288138e+00,  3.21039011e-01,\n",
       "         1.92789134e+00,  6.95866102e+00, -3.37641440e-01,\n",
       "        -3.60782147e+00, -1.32716464e+00, -3.71970529e-01,\n",
       "         1.43997971e-02,  1.26313364e+00, -6.54776272e-01,\n",
       "         4.82770702e-01, -1.33637258e+00, -2.80561851e+01,\n",
       "         1.65337268e+00,  4.42692648e+00,  1.36988368e+01,\n",
       "         1.11770084e+00,  1.14032388e+00, -3.52185876e-01,\n",
       "         1.13010541e-01, -3.98029121e-01, -2.45401511e-02],\n",
       "       [-1.25117800e+00,  6.68903446e+00, -8.65144033e-01,\n",
       "        -1.46770963e+00, -8.69251739e-02,  2.59591101e-01,\n",
       "         2.18264718e+00, -5.90765530e-01, -3.35322940e-01,\n",
       "        -1.42728862e-01, -3.48369838e+00,  2.20750552e+00,\n",
       "         1.21053704e+00,  9.50854764e-01, -3.85995039e-01,\n",
       "        -2.01790348e-01,  2.75136487e-01, -3.03847298e-01,\n",
       "        -1.18280081e+00, -1.35280742e-02,  4.71413166e+00,\n",
       "        -7.82720233e+00, -2.53853867e-01,  2.88503229e-01,\n",
       "         6.67168798e-01, -9.33060220e-01, -3.32095312e-01,\n",
       "         7.84345779e-01,  1.56331182e+00,  1.42300729e-01],\n",
       "       [-1.11103784e+01, -8.65144033e-01,  4.90342875e+01,\n",
       "        -2.66683428e+01, -5.72587912e-01, -6.39357229e+00,\n",
       "         5.40161004e+00, -5.38515963e-01, -5.97434832e-01,\n",
       "         1.93906373e+00,  4.14435420e+00, -8.14308723e-01,\n",
       "         1.77760471e+00, -3.70881095e+00,  1.39843575e-01,\n",
       "        -2.28314707e-02,  7.07775561e-01, -7.95245265e-01,\n",
       "        -8.82311225e-02, -5.00662295e-01, -2.28193187e+01,\n",
       "         1.61362918e+00, -6.84091348e+00,  2.04353677e+01,\n",
       "         1.00926783e+00,  1.39633844e+00, -4.68708603e+00,\n",
       "         1.58297330e+00,  6.57391216e-01,  4.59448889e-01],\n",
       "       [-1.79913385e+01, -1.46770963e+00, -2.66683428e+01,\n",
       "         4.97597510e+01,  1.73681257e+00,  5.45588052e+00,\n",
       "        -5.34310955e+00, -6.58339836e+00,  5.08278130e-01,\n",
       "        -1.62488669e+00,  3.56423213e-01, -8.30444731e-01,\n",
       "         9.41416110e-01, -2.20478553e+00, -1.77800362e-01,\n",
       "         2.50645460e-01, -1.45483335e+00,  3.89238439e-01,\n",
       "        -1.61768672e-01,  1.28146528e+00,  2.24273396e+01,\n",
       "         2.29210895e+00, -3.54970993e+00, -2.40238783e+01,\n",
       "        -8.27576114e-01, -8.73701642e-01,  5.10241300e+00,\n",
