{
 "cells": [
  {
   "cell_type": "code",
   "execution_count": 140,
   "id": "15ac2084",
   "metadata": {},
   "outputs": [],
   "source": [
    "import numpy as np\n",
    "import pandas as pd\n",
    "from numpy import linalg as la\n",
    "import matplotlib.pyplot as plt\n",
    "import matplotlib.mlab as mlab\n",
    "import csv\n",
    "import io\n",
    "from mpl_toolkits import mplot3d \n",
    "#import necessary libraries\n"
   ]
  },
  {
   "cell_type": "code",
   "execution_count": 141,
   "id": "b85f5846",
   "metadata": {
    "scrolled": true
   },
   "outputs": [
    {
     "name": "stdout",
     "output_type": "stream",
     "text": [
      "           f2        f7       f19       f15       f26       f30       f23  \\\n",
      "0   -2.071512  0.314317  1.147747 -0.213814  2.614365  1.935312  2.301575   \n",
      "1   -0.353322 -0.044955 -0.804742 -0.604819 -0.430066  0.280943  1.533776   \n",
      "2    0.455786  0.141253  0.236827 -0.296744  1.081980  0.201214  1.346291   \n",
      "3    0.253509  0.215399  4.728520  0.689095  3.889975  4.930672 -0.249720   \n",
      "4   -1.150804  0.142264 -0.360775  1.481763 -0.313119 -0.396751  1.337363   \n",
      "..        ...       ...       ...       ...       ...       ...       ...   \n",
      "564  0.720838  0.219612 -1.137415  1.085429 -0.273077 -0.708467  1.751022   \n",
      "565  2.083301  0.051267 -0.188995 -0.423637 -0.394473 -0.973122  1.420690   \n",
      "566  2.043775 -0.035501 -0.890632 -0.379008  0.350427 -0.318129  0.578492   \n",
      "567  2.334403  0.400765  0.326346 -0.172848  3.901415  2.217684  2.301575   \n",
      "568  1.220718 -0.191394  0.752168  0.049299 -1.206491 -0.750546 -1.431475   \n",
      "\n",
      "           f4        f1        f5  ...       f14       f12       f11  \\\n",
      "0    0.983510  1.102422  1.567087  ...  2.485391 -0.564768  2.487545   \n",
      "1    1.907030  1.836635 -0.826235  ...  0.741749 -0.875473  0.498816   \n",
      "2    1.557513  1.586206  0.941382  ...  1.180298 -0.779398  1.227596   \n",
      "3   -0.763792 -0.767260  3.280667  ... -0.288125 -0.110312  0.326087   \n",
      "4    1.824624  1.756953  0.280125  ...  1.189310 -0.789549  1.269426   \n",
      "..        ...       ...       ...  ...       ...       ...       ...   \n",
      "564  2.341795  2.118368  1.040926  ...  2.601897  0.070963  2.779634   \n",
      "565  1.722326  1.711420  0.102368  ...  1.290429  2.258951  1.299356   \n",
      "566  0.577445  0.706858 -0.839745  ...  0.180539 -0.257145  0.184730   \n",
      "567  1.733693  1.845172  1.524426  ...  1.008615  0.685485  1.156917   \n",
      "568 -1.346604 -1.808817 -3.109349  ... -0.465742  0.382756 -0.070217   \n",
      "\n",
      "          f29       f22       f10        f3       f24       f16  Class  \n",
      "0    2.748204 -1.358098  2.253764  1.262645  1.995901 -0.002013      1  \n",
      "1   -0.243675 -0.368879 -0.867889  1.675175  1.885663 -0.062861      1  \n",
      "2    1.151242 -0.023953 -0.397658  1.556726  1.453463 -0.017208      1  \n",
      "3    6.040726  0.133866  4.906602 -0.584344 -0.543582  0.041203      1  \n",
      "4   -0.867590 -1.465481 -0.561956  1.765033  1.218990 -0.043351      1  \n",
      "..        ...       ...       ...       ...       ...       ...    ...  \n",
      "564 -1.358963  0.117596 -0.930209  2.046860  2.009899 -0.036075      1  \n",
      "565 -0.531387  2.045599 -1.057681  1.605739  1.491959 -0.043994      1  \n",
      "566 -1.103578  1.373645 -0.894800  0.670400  0.429831 -0.021861      1  \n",
      "567  1.917396  2.235958  1.042778  1.969255  1.649440  0.019206      1  \n",
      "568 -0.048096  0.763518 -0.560539 -1.795793 -1.066947 -0.077108      0  \n",
      "\n",
      "[569 rows x 31 columns]\n"
     ]
    }
   ],
   "source": [
    "data1=pd.read_csv(\"gg.csv\") #and print the dataset given\n",
    "data1.isnull().sum()\n",
    "data1=data1.fillna(value = data1['radius_mean' ].mean())\n",
    "data1=data1.fillna(value = data1['perimeter_mean' ].mean())\n",
    "data1=data1.fillna(value = data1['concavity_mean' ].mean())\n",
    "data1=data1.fillna(value = data1['compactness_se' ].mean())\n",
    "data1=data1.fillna(value = data1['area_worst' ].mean())\n",
    "data1=data1.fillna(value = data1['concavity_worst' ].mean())\n",
    "data1.columns=[\"ID\",\"Class\",\"f1\",\"f2\",\"f3\",\"f4\",\"f5\",\"f6\",\"f7\",\"f8\",\"f9\",\"f10\",\"f11\",\"f12\",\"f13\",\"f14\",\"f15\",\"f16\",\"f17\",\"f18\",\"f19\",\"f20\",\"f21\",\"f22\",\"f23\",\"f24\",\"f25\",\"f26\",\"f27\",\"f28\",\"f29\",\"f30\"]\n",
    "data1.pop(\"ID\")\n",
    "df = data1['Class']\n",
    "data1.pop(\"Class\")\n",
    "data1=data1.sample(frac=1, axis=1)\n",
    "data1=(data1-data1.mean())/data1.std()\n",
    "data1.insert(30, 'Class',df, True)\n",
    "print(data1)"
   ]
  },
  {
   "cell_type": "code",
   "execution_count": 142,
   "id": "3658bd01",
   "metadata": {},
   "outputs": [],
   "source": [
    "def norm_pdf(x, loc=0, scale=1):\n",
    "    \"\"\"PDF for the normal distribution.\"\"\"\n",
    "    z = (x - loc) / scale\n",
    "    pdf = np.exp(-0.5 * z ** 2) / (np.sqrt(2 * np.pi) * scale)\n",
    "    return pdf"
   ]
  },
  {
   "cell_type": "code",
   "execution_count": 143,
   "id": "08aa9bc8",
   "metadata": {},
   "outputs": [
    {
     "data": {
      "text/html": [
       "<div>\n",
       "<style scoped>\n",
       "    .dataframe tbody tr th:only-of-type {\n",
       "        vertical-align: middle;\n",
       "    }\n",
       "\n",
       "    .dataframe tbody tr th {\n",
       "        vertical-align: top;\n",
       "    }\n",
       "\n",
       "    .dataframe thead th {\n",
       "        text-align: right;\n",
       "    }\n",
       "</style>\n",
       "<table border=\"1\" class=\"dataframe\">\n",
       "  <thead>\n",
       "    <tr style=\"text-align: right;\">\n",
       "      <th></th>\n",
       "      <th>f1</th>\n",
       "      <th>f2</th>\n",
       "      <th>f3</th>\n",
       "      <th>f4</th>\n",
       "      <th>f5</th>\n",
       "      <th>f6</th>\n",
       "      <th>f7</th>\n",
       "      <th>f8</th>\n",
       "      <th>f9</th>\n",
       "      <th>f10</th>\n",
       "      <th>...</th>\n",
       "      <th>f21</th>\n",
       "      <th>f22</th>\n",
       "      <th>f23</th>\n",
       "      <th>f24</th>\n",
       "      <th>f25</th>\n",
       "      <th>f26</th>\n",
       "      <th>f27</th>\n",
       "      <th>f28</th>\n",
       "      <th>f29</th>\n",
       "      <th>f30</th>\n",
       "    </tr>\n",
       "    <tr>\n",
       "      <th>Class</th>\n",
       "      <th></th>\n",
       "      <th></th>\n",
       "      <th></th>\n",
       "      <th></th>\n",
       "      <th></th>\n",
       "      <th></th>\n",
       "      <th></th>\n",
       "      <th></th>\n",
       "      <th></th>\n",
       "      <th></th>\n",
       "      <th></th>\n",
       "      <th></th>\n",
       "      <th></th>\n",
       "      <th></th>\n",
       "      <th></th>\n",
       "      <th></th>\n",
       "      <th></th>\n",
       "      <th></th>\n",
       "      <th></th>\n",
       "      <th></th>\n",
       "      <th></th>\n",
       "    </tr>\n",
       "  </thead>\n",
       "  <tbody>\n",
       "    <tr>\n",
       "      <th>0.0</th>\n",
       "      <td>-0.354547</td>\n",
       "      <td>-0.009959</td>\n",
       "      <td>0.013109</td>\n",
       "      <td>0.074187</td>\n",
       "      <td>-0.442446</td>\n",
       "      <td>-0.23140</td>\n",
       "      <td>-0.601344</td>\n",
       "      <td>-0.543424</td>\n",
       "      <td>-0.558524</td>\n",
       "      <td>-0.234820</td>\n",
       "      <td>...</td>\n",
       "      <td>-0.043521</td>\n",
       "      <td>-0.427978</td>\n",
       "      <td>-0.013756</td>\n",
       "      <td>-0.448478</td>\n",
       "      <td>-0.269016</td>\n",
       "      <td>-0.378545</td>\n",
       "      <td>0.043084</td>\n",
       "      <td>-0.569663</td>\n",
       "      <td>-0.562513</td>\n",
       "      <td>-0.048241</td>\n",
       "    </tr>\n",
       "    <tr>\n",
       "      <th>1.0</th>\n",
       "      <td>0.541664</td>\n",
       "      <td>0.079139</td>\n",
       "      <td>0.065889</td>\n",
       "      <td>-0.000912</td>\n",
       "      <td>0.748044</td>\n",
       "      <td>0.41488</td>\n",
       "      <td>0.931617</td>\n",
       "      <td>0.819057</td>\n",
       "      <td>0.849259</td>\n",
       "      <td>0.534734</td>\n",
       "      <td>...</td>\n",
       "      <td>0.078582</td>\n",
       "      <td>0.621778</td>\n",
       "      <td>0.003262</td>\n",
       "      <td>0.676875</td>\n",
       "      <td>0.597491</td>\n",
       "      <td>0.628648</td>\n",
       "      <td>0.013146</td>\n",
       "      <td>0.869695</td>\n",
       "      <td>0.847180</td>\n",
       "      <td>-0.031168</td>\n",
       "    </tr>\n",
       "  </tbody>\n",
       "</table>\n",
       "<p>2 rows × 30 columns</p>\n",
       "</div>"
      ],
      "text/plain": [
       "             f1        f2        f3        f4        f5       f6        f7  \\\n",
       "Class                                                                        \n",
       "0.0   -0.354547 -0.009959  0.013109  0.074187 -0.442446 -0.23140 -0.601344   \n",
       "1.0    0.541664  0.079139  0.065889 -0.000912  0.748044  0.41488  0.931617   \n",
       "\n",
       "             f8        f9       f10  ...       f21       f22       f23  \\\n",
       "Class                                ...                                 \n",
       "0.0   -0.543424 -0.558524 -0.234820  ... -0.043521 -0.427978 -0.013756   \n",
       "1.0    0.819057  0.849259  0.534734  ...  0.078582  0.621778  0.003262   \n",
       "\n",
       "            f24       f25       f26       f27       f28       f29       f30  \n",
       "Class                                                                        \n",
       "0.0   -0.448478 -0.269016 -0.378545  0.043084 -0.569663 -0.562513 -0.048241  \n",
       "1.0    0.676875  0.597491  0.628648  0.013146  0.869695  0.847180 -0.031168  \n",
       "\n",
       "[2 rows x 30 columns]"
      ]
     },
     "execution_count": 143,
     "metadata": {},
     "output_type": "execute_result"
    }
   ],
   "source": [
    "dataset = np.array(data1)\n",
    "np.random.shuffle(dataset) #shuffling to avoid bias\n",
    "size_train=int(dataset.shape[0]*0.67)  #Training data size 70% of total\n",
    "size_test=int(dataset.shape[0]-size_train) #Testing data size 30% of total\n",
    "train_data = dataset[:size_train,:]\n",
    "test_data = dataset[size_test:,:]\n",
    "train_data = pd.DataFrame(train_data,columns =[\"f1\",\"f2\",\"f3\",\"f4\",\"f5\",\"f6\",\"f7\",\"f8\",\"f9\",\"f10\",\"f11\",\"f12\",\"f13\",\"f14\",\"f15\",\"f16\",\"f17\",\"f18\",\"f19\",\"f20\",\"f21\",\"f22\",\"f23\",\"f24\",\"f25\",\"f26\",\"f27\",\"f28\",\"f29\",\"f30\",\"Class\"])\n",
    "test_data = pd.DataFrame(test_data,columns =[\"f1\",\"f2\",\"f3\",\"f4\",\"f5\",\"f6\",\"f7\",\"f8\",\"f9\",\"f10\",\"f11\",\"f12\",\"f13\",\"f14\",\"f15\",\"f16\",\"f17\",\"f18\",\"f19\",\"f20\",\"f21\",\"f22\",\"f23\",\"f24\",\"f25\",\"f26\",\"f27\",\"f28\",\"f29\",\"f30\",\"Class\"])\n",
    "mean1 = train_data.groupby(\"Class\").mean()   #classifying into two classes and finding the mean\n",
    "mean1"
   ]
  },
  {
   "cell_type": "code",
   "execution_count": 144,
   "id": "d92e2286",
   "metadata": {},
   "outputs": [
    {
     "data": {
      "text/plain": [
       "f1    -0.896212\n",
       "f2    -0.089099\n",
       "f3    -0.052780\n",
       "f4     0.075100\n",
       "f5    -1.190490\n",
       "f6    -0.646280\n",
       "f7    -1.532961\n",
       "f8    -1.362480\n",
       "f9    -1.407784\n",
       "f10   -0.769554\n",
       "f11   -1.174343\n",
       "f12   -0.364178\n",
       "f13   -1.104660\n",
       "f14   -1.515503\n",
       "f15   -0.830677\n",
       "f16   -0.654668\n",
       "f17   -1.588604\n",
       "f18   -0.927411\n",
       "f19   -0.507133\n",
       "f20   -1.524600\n",
       "f21   -0.122103\n",
       "f22   -1.049756\n",
       "f23   -0.017018\n",
       "f24   -1.125353\n",
       "f25   -0.866508\n",
       "f26   -1.007193\n",
       "f27    0.029938\n",
       "f28   -1.439358\n",
       "f29   -1.409693\n",
       "f30   -0.017073\n",
       "dtype: float64"
      ]
     },
     "execution_count": 144,
     "metadata": {},
     "output_type": "execute_result"
    }
   ],
   "source": [
    "mean_vector = mean1.iloc[0]-mean1.iloc[1]\n",
    "mean_vector"
   ]
  },
  {
   "cell_type": "code",
   "execution_count": 145,
   "id": "4e1215d6",
   "metadata": {},
   "outputs": [
    {
     "name": "stdout",
     "output_type": "stream",
     "text": [
      "142\n",
      "239\n",
      "[[ 1.15800799e+00  5.31827971e-02 -8.14984515e-01 ...  5.31821595e-01\n",
      "   6.32529952e-01 -1.23861063e-02]\n",
      " [-5.20657423e-01 -1.99605130e-01 -1.32548661e+00 ... -5.38304944e-01\n",
      "  -6.54271814e-01 -3.84190269e-02]\n",
      " [-2.20729668e-01 -1.38857951e-02  8.55639646e-01 ...  8.79000052e-01\n",
      "   4.94295876e-01 -1.55668207e-03]\n",
      " ...\n",
      " [-9.67061522e-01  2.97022628e-01  2.73764033e-01 ...  2.49235877e+00\n",
      "   3.27472558e+00  1.79701235e-02]\n",
      " [-1.51576656e+00  5.50364516e-02 -5.24651569e-01 ...  1.14857391e+00\n",
      "   3.01818049e-01 -8.56196587e-03]\n",
      " [ 3.27975371e-01 -2.36596101e-02  6.63294069e-01 ...  7.85057646e-01\n",
      "   6.78024711e-01  5.09326125e-03]]\n",
      "[[-2.96376990e-01 -1.19875925e-01  2.28556716e-01 ...  1.40119598e-01\n",
      "  -3.46603679e-03 -2.72569939e-02]\n",
      " [ 3.61010638e-02 -1.27324246e-01  6.20506193e-01 ...  1.92198054e-02\n",
      "   9.32978164e-02  2.33440785e-03]\n",
      " [-7.91606538e-01 -6.91363442e-02 -1.02906731e-01 ...  3.88862751e-01\n",
      "   2.70027458e-01 -1.20484212e-02]\n",
      " ...\n",
      " [-5.45747690e-02 -1.51640823e-01  6.91879709e-01 ... -5.23603924e-01\n",
      "  -3.17204895e-01 -1.30636797e-02]\n",
      " [-6.70705427e-01 -1.63167185e-01  2.56210777e+00 ... -5.46885303e-01\n",
      "  -3.29453484e-01 -1.81568933e-02]\n",
      " [-8.98557520e-01 -1.25285226e-01  2.33709974e+00 ... -7.34361670e-01\n",
      "  -4.02945019e-01  6.22623218e-03]]\n"
     ]
    }
   ],
   "source": [
    "points = train_data.groupby('Class')\n",
    "positive_points = points.get_group(1)  #positive as class 1\n",
    "negative_points = points.get_group(0)  #negative as class 0\n",
    "del positive_points['Class']\n",
    "del negative_points['Class']\n",
    "pos_diff = positive_points - mean1.iloc[1]  #(xn-M1)  M1 is mean vector for all points of class 1\n",
    "neg_diff = negative_points - mean1.iloc[0]  #(xn-M2)  M2 is mean vector for all points of class 0\n",
    "pos_diff = pos_diff.values\n",
    "neg_diff = neg_diff.values\n",
    "N1 = len(positive_points)\n",
    "N2 = len(negative_points)\n",
    "print(N1)\n",
    "print(N2)\n",
    "print(pos_diff)\n",
    "print(neg_diff)"
   ]
  },
  {
   "cell_type": "code",
   "execution_count": 146,
   "id": "988a8bc3",
   "metadata": {},
   "outputs": [
    {
     "data": {
      "text/plain": [
       "array([[ 1.53698069e+00, -2.95346958e-02, -1.35260016e-02,\n",
       "         5.84838357e-02,  1.18187511e-01, -3.27360087e-04,\n",
       "         7.25414480e-02,  3.79139420e-02,  4.39334820e-02,\n",
       "        -3.78804415e-01, -3.00512833e-02,  2.65440360e-03,\n",
       "         2.96497349e-02,  5.60836006e-02, -4.05121868e-02,\n",
       "        -9.87885151e-02, -8.13141439e-02, -1.79982596e-01,\n",
       "         8.99838300e-02, -1.04062674e-01,  1.64382857e-02,\n",
       "        -1.39536784e-02,  6.72883275e-01,  1.30078586e-03,\n",
       "        -7.79623835e-02,  1.35347769e+00, -1.43305776e-01,\n",
       "         3.86857951e-02,  6.19499799e-02,  4.38140740e-03],\n",
       "       [-2.95346958e-02,  2.36279840e+00, -5.33489713e-02,\n",
       "        -7.61934092e-02,  8.74560412e-02,  7.94741891e-02,\n",
       "         9.79315486e-02,  8.89489025e-02,  9.41068770e-02,\n",
       "         8.51088007e-02,  1.24446628e-01,  2.27720886e+00,\n",
       "         4.73589931e-02,  9.46642052e-02,  3.02248964e-02,\n",
       "         3.76544851e-02,  1.07666119e-01,  5.44750292e-02,\n",
       "         8.19428749e-02,  9.56490231e-02,  3.59110310e-02,\n",
       "         5.45092341e-02, -1.11725484e-01,  3.80880612e-02,\n",
       "         6.07132790e-02, -5.65113647e-02,  8.48742127e-02,\n",
       "         9.98175224e-02,  8.50005668e-02,  1.48094333e-03],\n",
       "       [-1.35260016e-02, -5.33489713e-02,  2.39009657e+00,\n",
       "         8.07208947e-01,  3.17611246e-01,  2.68363882e-01,\n",
       "        -1.48956417e-01, -7.43146834e-02, -1.52227948e-01,\n",
       "         5.36828716e-01,  6.72103518e-01, -5.48095257e-02,\n",
       "         6.81653547e-01, -2.16555391e-01,  7.65624018e-01,\n",
       "         1.06606216e+00,  5.30195765e-02,  3.72690714e-02,\n",
       "         7.60343979e-01,  3.09396054e-01,  7.50254745e-01,\n",
       "         4.05599866e-01,  7.54937504e-01,  6.06246732e-01,\n",
       "         1.07542044e+00, -1.92905687e-01,  8.02723026e-01,\n",
       "        -8.34646166e-02, -1.93045470e-01,  3.01823185e-02],\n",
       "       [ 5.84838357e-02, -7.61934092e-02,  8.07208947e-01,\n",
       "         2.09921118e+00, -9.33780641e-02,  1.82294751e-01,\n",
       "        -3.38941991e-01, -2.19584632e-01, -3.12044218e-01,\n",
       "         6.31757657e-01,  3.17538335e-01, -1.35363697e-01,\n",
       "         4.27159156e-01, -3.63910630e-01,  8.97614786e-01,\n",
       "         2.74143956e-01, -1.39510982e-01,  6.04375513e-01,\n",
       "         6.69536446e-01,  1.30732435e-01,  8.98113668e-01,\n",
       "         2.60019688e-01,  6.74552343e-01,  4.30776413e-01,\n",
       "        -2.67225334e-01, -1.56771686e-01,  7.35549898e-01,\n",
       "        -2.78614292e-01, -2.82376259e-01,  2.30069602e-02],\n",
       "       [ 1.18187511e-01,  8.74560412e-02,  3.17611246e-01,\n",
       "        -9.33780641e-02,  1.53063739e+00,  1.44168815e+00,\n",
       "         1.37848788e-01, -1.02257477e-01, -7.43165382e-02,\n",
       "         6.41474074e-01,  1.18072068e+00,  3.74764012e-01,\n",
       "        -3.77783827e-02,  2.57979090e-02,  3.60226677e-01,\n",
       "         7.26061273e-01,  7.33373456e-01,  8.11848537e-01,\n",
       "         6.91273064e-01,  4.56656093e-01,  7.39018859e-01,\n",
       "        -1.41087382e-01, -1.49508012e-01, -1.54960845e-01,\n",
       "         1.02756557e+00,  2.60854355e-01,  1.12660868e+00,\n",
       "         5.14881014e-04,  6.78056084e-03,  3.40305665e-02],\n",
       "       [-3.27360087e-04,  7.94741891e-02,  2.68363882e-01,\n",
       "         1.82294751e-01,  1.44168815e+00,  2.04431129e+00,\n",
       "        -2.76144639e-01, -5.66157151e-01, -5.53827913e-01,\n",
       "         9.45304520e-01,  1.13622155e+00,  3.66292320e-01,\n",
       "        -3.09150633e-01, -3.77189118e-01,  2.54531347e-01,\n",
       "         8.68841746e-01,  5.78039944e-01,  1.21797418e+00,\n",
       "         7.33819285e-01,  2.54514962e-01,  1.16844163e+00,\n",
       "        -4.12093569e-01, -1.24642433e-01, -3.72198664e-01,\n",
       "         1.10609429e+00,  1.96360122e-01,  1.79076228e+00,\n",
       "        -4.75758767e-01, -3.74144435e-01,  3.18054901e-02],\n",
       "       [ 7.25414480e-02,  9.79315486e-02, -1.48956417e-01,\n",
       "        -3.38941991e-01,  1.37848788e-01, -2.76144639e-01,\n",
       "         8.47373533e-01,  8.90321235e-01,  8.65829387e-01,\n",
       "        -1.21518925e-01,  2.34846425e-01,  1.15760195e-01,\n",
       "         6.14660678e-01,  8.54165453e-01,  1.70955263e-01,\n",
       "        -8.21111020e-02,  4.28098218e-01, -2.25527182e-01,\n",
       "         4.40708105e-02,  5.48662806e-01, -1.46850289e-01,\n",
       "         6.73642607e-01, -2.08999688e-01,  6.03218118e-01,\n",
       "        -9.52723279e-02, -3.49925250e-03, -4.60141964e-01,\n",
       "         8.52678194e-01,  8.73488361e-01,  1.39725491e-03],\n",
       "       [ 3.79139420e-02,  8.89489025e-02, -7.43146834e-02,\n",
       "        -2.19584632e-01, -1.02257477e-01, -5.66157151e-01,\n",
       "         8.90321235e-01,  1.13980372e+00,  1.06638058e+00,\n",
       "        -2.28947660e-01,  1.05483558e-01,  5.70075025e-02,\n",
       "         7.58176086e-01,  9.19867553e-01,  2.02403583e-01,\n",
       "        -2.23182960e-01,  3.36550274e-01, -4.58026008e-01,\n",
       "         5.43429082e-02,  6.05161930e-01, -1.83041733e-01,\n",
       "         8.93886944e-01, -1.52291713e-01,  7.55648657e-01,\n",
       "        -3.57450361e-01, -1.33475173e-01, -6.85094272e-01,\n",
       "         1.04449420e+00,  9.58462714e-01, -7.37057986e-04],\n",
       "       [ 4.39334820e-02,  9.41068770e-02, -1.52227948e-01,\n",
       "        -3.12044218e-01, -7.43165382e-02, -5.53827913e-01,\n",
       "         8.65829387e-01,  1.06638058e+00,  1.06209732e+00,\n",
       "        -2.53359431e-01,  9.89971864e-02,  7.13048592e-02,\n",
       "         6.24787155e-01,  8.93997850e-01,  1.89617614e-01,\n",
       "        -2.46580536e-01,  3.46873357e-01, -4.66213464e-01,\n",
       "         1.80298114e-02,  5.62611098e-01, -2.21463346e-01,\n",
       "         7.44784657e-01, -2.03631034e-01,  6.18897632e-01,\n",
       "        -3.34730306e-01, -1.08904457e-01, -7.21694198e-01,\n",
       "         1.01711424e+00,  8.95143547e-01, -1.31135198e-03],\n",
       "       [-3.78804415e-01,  8.51088007e-02,  5.36828716e-01,\n",
       "         6.31757657e-01,  6.41474074e-01,  9.45304520e-01,\n",
       "        -1.21518925e-01, -2.28947660e-01, -2.53359431e-01,\n",
       "         1.77135682e+00,  9.79276766e-01,  1.71547539e-01,\n",
       "         1.89636834e-01, -1.82581191e-01,  4.12984133e-01,\n",
       "         9.44029158e-01,  4.59249363e-01,  1.38657221e+00,\n",
       "         3.45575249e-01,  5.87241446e-01,  5.42492560e-01,\n",
       "         7.17716136e-02,  3.74431369e-02,  1.78502582e-01,\n",
       "         6.61704014e-01, -2.87319552e-01,  1.33632982e+00,\n",
       "        -1.80387397e-01, -1.63851770e-01,  1.40775805e-02],\n",
       "       [-3.00512833e-02,  1.24446628e-01,  6.72103518e-01,\n",
       "         3.17538335e-01,  1.18072068e+00,  1.13622155e+00,\n",
       "         2.34846425e-01,  1.05483558e-01,  9.89971864e-02,\n",
       "         9.79276766e-01,  1.41830109e+00,  3.12987695e-01,\n",
       "         4.07894901e-01,  1.21346789e-01,  7.75945241e-01,\n",
       "         9.64244560e-01,  7.35490529e-01,  7.42301862e-01,\n",
       "         8.77233113e-01,  7.81299536e-01,  9.37834149e-01,\n",
       "         2.18666412e-01,  6.38749617e-02,  2.95015877e-01,\n",
       "         7.71256603e-01, -4.37492146e-02,  1.29771208e+00,\n",
       "         1.97367180e-01,  1.16763881e-01,  3.59902389e-02],\n",
       "       [ 2.65440360e-03,  2.27720886e+00, -5.48095257e-02,\n",
       "        -1.35363697e-01,  3.74764012e-01,  3.66292320e-01,\n",
       "         1.15760195e-01,  5.70075025e-02,  7.13048592e-02,\n",
       "         1.71547539e-01,  3.12987695e-01,  2.27644726e+00,\n",
       "        -1.54508653e-02,  9.25044095e-02,  9.77328272e-02,\n",
       "         1.35330380e-01,  2.61782192e-01,  2.08539009e-01,\n",
       "         2.87678703e-01,  1.66491826e-01,  1.68097995e-01,\n",
       "        -1.77890380e-02, -1.58888548e-01, -4.59355931e-02,\n",
       "         2.38090138e-01,  1.79857961e-02,  2.74558054e-01,\n",
       "         8.83541841e-02,  7.76292483e-02,  7.37859565e-03],\n",
       "       [ 2.96497349e-02,  4.73589931e-02,  6.81653547e-01,\n",
       "         4.27159156e-01, -3.77783827e-02, -3.09150633e-01,\n",
       "         6.14660678e-01,  7.58176086e-01,  6.24787155e-01,\n",
       "         1.89636834e-01,  4.07894901e-01, -1.54508653e-02,\n",
       "         1.62145279e+00,  5.83296667e-01,  7.10878995e-01,\n",
       "         2.46261470e-01,  2.37970420e-01, -2.81643357e-01,\n",
       "         4.33067181e-01,  6.06516488e-01,  3.21211662e-01,\n",
       "         1.43516786e+00,  3.77107031e-01,  1.56255237e+00,\n",
       "        -2.71793221e-01, -2.43997272e-01, -2.59563650e-03,\n",
       "         6.40834108e-01,  6.55555752e-01,  1.34880095e-02],\n",
       "       [ 5.60836006e-02,  9.46642052e-02, -2.16555391e-01,\n",
       "        -3.63910630e-01,  2.57979090e-02, -3.77189118e-01,\n",
       "         8.54165453e-01,  9.19867553e-01,  8.93997850e-01,\n",
       "        -1.82581191e-01,  1.21346789e-01,  9.25044095e-02,\n",
       "         5.83296667e-01,  8.89636962e-01,  1.03539768e-01,\n",
       "        -1.63666537e-01,  3.78715654e-01, -2.70722918e-01,\n",
       "        -3.59562791e-02,  5.06806350e-01, -2.16177882e-01,\n",
       "         6.88323277e-01, -2.29992004e-01,  6.13322372e-01,\n",
       "        -1.65904463e-01, -2.11939559e-02, -5.73930025e-01,\n",
       "         8.69948833e-01,  9.10983772e-01, -1.93423243e-03],\n",
       "       [-4.05121868e-02,  3.02248964e-02,  7.65624018e-01,\n",
       "         8.97614786e-01,  3.60226677e-01,  2.54531347e-01,\n",
       "         1.70955263e-01,  2.02403583e-01,  1.89617614e-01,\n",
       "         4.12984133e-01,  7.75945241e-01,  9.77328272e-02,\n",
       "         7.10878995e-01,  1.03539768e-01,  1.75525739e+00,\n",
       "         5.18114203e-01,  5.40196171e-01,  1.48078213e-02,\n",
       "         1.41632294e+00,  6.10262773e-01,  1.13753947e+00,\n",
       "         4.25431316e-01,  4.26862847e-01,  6.49922175e-01,\n",
       "        -4.72811728e-02, -2.72273329e-01,  6.12492663e-01,\n",
       "         2.39587124e-01,  1.00494547e-01,  3.81559086e-02],\n",
       "       [-9.87885151e-02,  3.76544851e-02,  1.06606216e+00,\n",
       "         2.74143956e-01,  7.26061273e-01,  8.68841746e-01,\n",
       "        -8.21111020e-02, -2.23182960e-01, -2.46580536e-01,\n",
       "         9.44029158e-01,  9.64244560e-01,  1.35330380e-01,\n",
       "         2.46261470e-01, -1.63666537e-01,  5.18114203e-01,\n",
       "         1.91592245e+00,  4.00389893e-01,  6.43619575e-01,\n",
       "         5.52737826e-01,  4.67634038e-01,  6.91070525e-01,\n",
       "         2.79140234e-02,  3.16068838e-01,  1.99860827e-01,\n",
       "         1.37147608e+00, -5.51168128e-02,  1.14922061e+00,\n",
       "        -1.52593013e-01, -1.61444087e-01,  2.29609918e-02],\n",
       "       [-8.13141439e-02,  1.07666119e-01,  5.30195765e-02,\n",
       "        -1.39510982e-01,  7.33373456e-01,  5.78039944e-01,\n",
       "         4.28098218e-01,  3.36550274e-01,  3.46873357e-01,\n",
       "         4.59249363e-01,  7.35490529e-01,  2.61782192e-01,\n",
       "         2.37970420e-01,  3.78715654e-01,  5.40196171e-01,\n",
       "         4.00389893e-01,  7.89635547e-01,  4.75661149e-01,\n",
       "         4.80804312e-01,  6.35306324e-01,  3.14173813e-01,\n",
       "         1.99409848e-01, -2.33105596e-01,  1.73725632e-01,\n",
       "         4.60392485e-01, -9.13148256e-03,  4.36012196e-01,\n",
       "         3.81219547e-01,  3.65398217e-01,  1.55931883e-02],\n",
       "       [-1.79982596e-01,  5.44750292e-02,  3.72690714e-02,\n",
       "         6.04375513e-01,  8.11848537e-01,  1.21797418e+00,\n",
       "        -2.25527182e-01, -4.58026008e-01, -4.66213464e-01,\n",
       "         1.38657221e+00,  7.42301862e-01,  2.08539009e-01,\n",
       "        -2.81643357e-01, -2.70722918e-01,  1.48078213e-02,\n",
       "         6.43619575e-01,  4.75661149e-01,  1.84456457e+00,\n",
       "         1.30634860e-01,  2.71048511e-01,  3.42341231e-01,\n",
       "        -2.95574700e-01, -1.94876461e-01, -2.77778863e-01,\n",
       "         8.03561748e-01,  1.06278921e-01,  1.25281272e+00,\n",
       "        -4.15680868e-01, -2.44301760e-01,  7.93737923e-03],\n",
       "       [ 8.99838300e-02,  8.19428749e-02,  7.60343979e-01,\n",
       "         6.69536446e-01,  6.91273064e-01,  7.33819285e-01,\n",
       "         4.40708105e-02,  5.43429082e-02,  1.80298114e-02,\n",
       "         3.45575249e-01,  8.77233113e-01,  2.87678703e-01,\n",
       "         4.33067181e-01, -3.59562791e-02,  1.41632294e+00,\n",
       "         5.52737826e-01,  4.80804312e-01,  1.30634860e-01,\n",
       "         2.01759117e+00,  5.08245423e-01,  1.47642718e+00,\n",
       "         2.38941475e-01,  4.17913959e-01,  3.75182909e-01,\n",
       "         2.35529422e-01, -3.22879152e-02,  9.54224273e-01,\n",
       "         8.20278697e-02, -1.57093285e-02,  4.57967460e-02],\n",
       "       [-1.04062674e-01,  9.56490231e-02,  3.09396054e-01,\n",
       "         1.30732435e-01,  4.56656093e-01,  2.54514962e-01,\n",
       "         5.48662806e-01,  6.05161930e-01,  5.62611098e-01,\n",
       "         5.87241446e-01,  7.81299536e-01,  1.66491826e-01,\n",
       "         6.06516488e-01,  5.06806350e-01,  6.10262773e-01,\n",
       "         4.67634038e-01,  6.35306324e-01,  2.71048511e-01,\n",
       "         5.08245423e-01,  8.75646118e-01,  3.79769474e-01,\n",
       "         5.61498573e-01, -1.22666671e-02,  5.64121011e-01,\n",
       "         2.00589970e-01, -1.81893527e-01,  3.70245900e-01,\n",
       "         6.05510426e-01,  5.25752174e-01,  1.55699850e-02],\n",
       "       [ 1.64382857e-02,  3.59110310e-02,  7.50254745e-01,\n",
       "         8.98113668e-01,  7.39018859e-01,  1.16844163e+00,\n",
       "        -1.46850289e-01, -1.83041733e-01, -2.21463346e-01,\n",
       "         5.42492560e-01,  9.37834149e-01,  1.68097995e-01,\n",
       "         3.21211662e-01, -2.16177882e-01,  1.13753947e+00,\n",
       "         6.91070525e-01,  3.14173813e-01,  3.42341231e-01,\n",
       "         1.47642718e+00,  3.79769474e-01,  1.96417954e+00,\n",
       "         1.37400251e-01,  4.32162753e-01,  3.31332695e-01,\n",
       "         2.81934522e-01, -1.02766069e-01,  1.38695387e+00,\n",
       "        -1.55812209e-01, -1.83624670e-01,  4.71560869e-02],\n",
       "       [-1.39536784e-02,  5.45092341e-02,  4.05599866e-01,\n",
       "         2.60019688e-01, -1.41087382e-01, -4.12093569e-01,\n",
       "         6.73642607e-01,  8.93886944e-01,  7.44784657e-01,\n",
       "         7.17716136e-02,  2.18666412e-01, -1.77890380e-02,\n",
       "         1.43516786e+00,  6.88323277e-01,  4.25431316e-01,\n",
       "         2.79140234e-02,  1.99409848e-01, -2.95574700e-01,\n",
       "         2.38941475e-01,  5.61498573e-01,  1.37400251e-01,\n",
       "         1.45885148e+00,  1.66887359e-01,  1.44439968e+00,\n",
       "        -3.76000312e-01, -2.52429392e-01, -2.45412823e-01,\n",
       "         7.42351175e-01,  7.79886572e-01,  5.98189846e-03],\n",
       "       [ 6.72883275e-01, -1.11725484e-01,  7.54937504e-01,\n",
       "         6.74552343e-01, -1.49508012e-01, -1.24642433e-01,\n",
       "        -2.08999688e-01, -1.52291713e-01, -2.03631034e-01,\n",
       "         3.74431369e-02,  6.38749617e-02, -1.58888548e-01,\n",
       "         3.77107031e-01, -2.29992004e-01,  4.26862847e-01,\n",
       "         3.16068838e-01, -2.33105596e-01, -1.94876461e-01,\n",
       "         4.17913959e-01, -1.22666671e-02,  4.32162753e-01,\n",
       "         1.66887359e-01,  1.77180400e+00,  3.65735062e-01,\n",
       "        -1.60160719e-01,  7.54868160e-01,  2.36152937e-01,\n",
       "        -1.74685275e-01, -1.97371115e-01,  1.31137090e-02],\n",
       "       [ 1.30078586e-03,  3.80880612e-02,  6.06246732e-01,\n",
       "         4.30776413e-01, -1.54960845e-01, -3.72198664e-01,\n",
       "         6.03218118e-01,  7.55648657e-01,  6.18897632e-01,\n",
       "         1.78502582e-01,  2.95015877e-01, -4.59355931e-02,\n",
       "         1.56255237e+00,  6.13322372e-01,  6.49922175e-01,\n",
       "         1.99860827e-01,  1.73725632e-01, -2.77778863e-01,\n",
       "         3.75182909e-01,  5.64121011e-01,  3.31332695e-01,\n",
       "         1.44439968e+00,  3.65735062e-01,  1.60540683e+00,\n",
       "        -3.38466680e-01, -2.81871691e-01, -7.29586975e-02,\n",
       "         6.26694035e-01,  6.91039983e-01,  1.04865282e-02],\n",
       "       [-7.79623835e-02,  6.07132790e-02,  1.07542044e+00,\n",
       "        -2.67225334e-01,  1.02756557e+00,  1.10609429e+00,\n",
       "        -9.52723279e-02, -3.57450361e-01, -3.34730306e-01,\n",
       "         6.61704014e-01,  7.71256603e-01,  2.38090138e-01,\n",
       "        -2.71793221e-01, -1.65904463e-01, -4.72811728e-02,\n",
       "         1.37147608e+00,  4.60392485e-01,  8.03561748e-01,\n",
       "         2.35529422e-01,  2.00589970e-01,  2.81934522e-01,\n",
       "        -3.76000312e-01, -1.60160719e-01, -3.38466680e-01,\n",
       "         2.05437036e+00,  1.77370023e-01,  9.94382573e-01,\n",
       "        -2.72128459e-01, -1.96963799e-01,  1.60179957e-02],\n",
       "       [ 1.35347769e+00, -5.65113647e-02, -1.92905687e-01,\n",
       "        -1.56771686e-01,  2.60854355e-01,  1.96360122e-01,\n",
       "        -3.49925250e-03, -1.33475173e-01, -1.08904457e-01,\n",
       "        -2.87319552e-01, -4.37492146e-02,  1.79857961e-02,\n",
       "        -2.43997272e-01, -2.11939559e-02, -2.72273329e-01,\n",
       "        -5.51168128e-02, -9.13148256e-03,  1.06278921e-01,\n",
       "        -3.22879152e-02, -1.81893527e-01, -1.02766069e-01,\n",
       "        -2.52429392e-01,  7.54868160e-01, -2.81871691e-01,\n",
       "         1.77370023e-01,  1.55304909e+00, -5.10922106e-02,\n",
       "        -1.13047518e-01, -2.56306668e-02,  9.83047142e-04],\n",
       "       [-1.43305776e-01,  8.48742127e-02,  8.02723026e-01,\n",
       "         7.35549898e-01,  1.12660868e+00,  1.79076228e+00,\n",
       "        -4.60141964e-01, -6.85094272e-01, -7.21694198e-01,\n",
       "         1.33632982e+00,  1.29771208e+00,  2.74558054e-01,\n",
       "        -2.59563650e-03, -5.73930025e-01,  6.12492663e-01,\n",
       "         1.14922061e+00,  4.36012196e-01,  1.25281272e+00,\n",
       "         9.54224273e-01,  3.70245900e-01,  1.38695387e+00,\n",
       "        -2.45412823e-01,  2.36152937e-01, -7.29586975e-02,\n",
       "         9.94382573e-01, -5.10922106e-02,  2.23857206e+00,\n",
       "        -6.14107545e-01, -5.35726412e-01,  3.54392749e-02],\n",
       "       [ 3.86857951e-02,  9.98175224e-02, -8.34646166e-02,\n",
       "        -2.78614292e-01,  5.14881014e-04, -4.75758767e-01,\n",
       "         8.52678194e-01,  1.04449420e+00,  1.01711424e+00,\n",
       "        -1.80387397e-01,  1.97367180e-01,  8.83541841e-02,\n",
       "         6.40834108e-01,  8.69948833e-01,  2.39587124e-01,\n",
       "        -1.52593013e-01,  3.81219547e-01, -4.15680868e-01,\n",
       "         8.20278697e-02,  6.05510426e-01, -1.55812209e-01,\n",
       "         7.42351175e-01, -1.74685275e-01,  6.26694035e-01,\n",
       "        -2.72128459e-01, -1.13047518e-01, -6.14107545e-01,\n",
       "         1.01867674e+00,  8.70416499e-01,  1.31981717e-03],\n",
       "       [ 6.19499799e-02,  8.50005668e-02, -1.93045470e-01,\n",
       "        -2.82376259e-01,  6.78056084e-03, -3.74144435e-01,\n",
       "         8.73488361e-01,  9.58462714e-01,  8.95143547e-01,\n",
       "        -1.63851770e-01,  1.16763881e-01,  7.76292483e-02,\n",
       "         6.55555752e-01,  9.10983772e-01,  1.00494547e-01,\n",
       "        -1.61444087e-01,  3.65398217e-01, -2.44301760e-01,\n",
       "        -1.57093285e-02,  5.25752174e-01, -1.83624670e-01,\n",
       "         7.79886572e-01, -1.97371115e-01,  6.91039983e-01,\n",
       "        -1.96963799e-01, -2.56306668e-02, -5.35726412e-01,\n",
       "         8.70416499e-01,  9.82602154e-01, -1.59655224e-03],\n",
       "       [ 4.38140740e-03,  1.48094333e-03,  3.01823185e-02,\n",
       "         2.30069602e-02,  3.40305665e-02,  3.18054901e-02,\n",
       "         1.39725491e-03, -7.37057986e-04, -1.31135198e-03,\n",
       "         1.40775805e-02,  3.59902389e-02,  7.37859565e-03,\n",
       "         1.34880095e-02, -1.93423243e-03,  3.81559086e-02,\n",
       "         2.29609918e-02,  1.55931883e-02,  7.93737923e-03,\n",
       "         4.57967460e-02,  1.55699850e-02,  4.71560869e-02,\n",
       "         5.98189846e-03,  1.31137090e-02,  1.04865282e-02,\n",
       "         1.60179957e-02,  9.83047142e-04,  3.54392749e-02,\n",
       "         1.31981717e-03, -1.59655224e-03,  1.75922668e-03]])"
      ]
     },
     "execution_count": 146,
     "metadata": {},
     "output_type": "execute_result"
    }
   ],
   "source": [
    "sum_pos=np.zeros((30,30))   #to find Sw matrix -> within covariance matrix\n",
    "sum_neg=np.zeros((30,30))\n",
    "\n",
    "for i in range(len(pos_diff)):\n",
    "  sum_pos= np.dot(pos_diff[i].reshape(30,1),pos_diff[i].reshape(1,30)) + sum_pos\n",
    "for i in range(len(neg_diff)):\n",
    "  sum_neg= np.dot(neg_diff[i].reshape(30,1),neg_diff[i].reshape(1,30)) + sum_neg\n",
    "\n",
    "#summation of (xn-M1)^2 = sum_pos\n",
    "#summation of (xn-M2)^2 = sum_neg\n",
    "\n",
    "covariance_matrix = sum_pos/N1 + sum_neg/N2  \n",
    "covariance_matrix\n"
   ]
  },
  {
   "cell_type": "code",
   "execution_count": 147,
   "id": "6589a736",
   "metadata": {},
   "outputs": [
    {
     "data": {
      "text/plain": [
       "array([[ 5.88705054e+00,  3.89324944e-01, -8.53683114e-01,\n",
       "        -7.13923570e-01, -5.56672714e-01, -6.62793266e-01,\n",
       "        -9.60189904e-01, -7.67238080e-01, -8.74816537e-01,\n",
       "        -4.56000852e-02, -1.74415951e-01, -5.06600321e-01,\n",
       "         1.47929752e+00,  4.22147447e+00, -6.18461451e-01,\n",
       "        -5.03624560e-01,  1.32377137e+00,  1.23216467e+00,\n",
       "         1.05579632e-01, -3.56217873e-01,  4.40408465e-01,\n",
       "         2.32537675e+00,  1.84262506e+00, -3.92538099e+00,\n",
       "         1.23103063e+00, -6.63654875e+00, -8.27514569e-02,\n",
       "        -7.01305347e-01, -1.44272022e+00,  1.73241920e+01],\n",
       "       [ 3.89324944e-01,  1.06736689e+02,  7.60707895e-01,\n",
       "         1.01984874e+00,  1.36154594e+01,  9.18509708e+00,\n",
       "         8.07563532e+00, -1.78936007e+00,  8.61122021e-01,\n",
       "         1.51103962e+00, -4.30355579e+00, -1.11428295e+02,\n",
       "        -1.82591511e+00, -8.03193656e+00, -8.55074734e+00,\n",
       "         1.04945238e+00,  1.36273165e+01, -1.76025119e+00,\n",
       "         1.63761124e+01, -3.25032048e+00, -6.40073140e+00,\n",
       "        -5.51427922e+00, -3.19240219e-01,  4.28916913e+00,\n",
       "        -3.41461154e+00, -1.02498251e-01, -4.31776328e+00,\n",
       "         2.01494558e-01,  9.31146876e-01, -5.73663854e+01],\n",
       "       [-8.53683114e-01,  7.60707895e-01,  2.11972930e+00,\n",
       "        -2.21728971e-01,  1.01325832e+00,  4.30210102e-01,\n",
       "         6.26330199e-01, -5.12926570e-01, -1.62177512e-01,\n",
       "        -2.79248040e-01, -8.00237900e-01, -7.42470114e-01,\n",
       "        -4.38667388e-01,  1.02463784e+00,  1.26686338e-02,\n",
       "         7.24185952e-01,  1.32614948e-01,  2.98871648e-01,\n",
       "         1.26305410e-01,  1.94004874e-01,  4.02124798e-02,\n",
       "        -1.92764687e-01, -8.10229799e-01, -3.10689151e-02,\n",
       "        -2.23845062e+00,  1.26504872e+00,  2.69086837e-03,\n",
       "        -1.32697073e-01, -2.39569047e-01, -2.59345048e+01],\n",
       "       [-7.13923570e-01,  1.01984874e+00, -2.21728971e-01,\n",
       "         2.12458942e+00,  3.47493632e-01,  3.47852568e-01,\n",
       "         1.73168027e+00, -6.01132602e-01,  1.18348357e-01,\n",
       "         7.67249535e-01,  2.53635466e-01, -1.06685381e+00,\n",
