{
 "cells": [
  {
   "cell_type": "code",
   "execution_count": 1,
   "id": "15ac2084",
   "metadata": {},
   "outputs": [],
   "source": [
    "import numpy as np\n",
    "import pandas as pd\n",
    "from numpy import linalg as la\n",
    "import matplotlib.pyplot as plt\n",
    "import matplotlib.mlab as mlab\n",
    "import csv\n",
    "import io\n",
    "from mpl_toolkits import mplot3d \n",
    "#import necessary libraries\n"
   ]
  },
  {
   "cell_type": "code",
   "execution_count": 2,
   "id": "b85f5846",
   "metadata": {
    "scrolled": true
   },
   "outputs": [
    {
     "name": "stdout",
     "output_type": "stream",
     "text": [
      "          f22       f16        f1       f11       f25       f12        f4  \\\n",
      "0   -1.358098 -0.002013  1.102422  2.487545  1.306537 -0.564768  0.983510   \n",
      "1   -0.368879 -0.062861  1.836635  0.498816 -0.375282 -0.875473  1.907030   \n",
      "2   -0.023953 -0.017208  1.586206  1.227596  0.526944 -0.779398  1.557513   \n",
      "3    0.133866  0.041203 -0.767260  0.326087  3.391291 -0.110312 -0.763792   \n",
      "4   -1.465481 -0.043351  1.756953  1.269426  0.220362 -0.789549  1.824624   \n",
      "..        ...       ...       ...       ...       ...       ...       ...   \n",
      "564  0.117596 -0.036075  2.118368  2.779634  0.378033  0.070963  2.341795   \n",
      "565  2.045599 -0.043994  1.711420  1.299356 -0.690623  2.258951  1.722326   \n",
      "566  1.373645 -0.021861  0.706858  0.184730 -0.808876 -0.257145  0.577445   \n",
      "567  2.235958  0.019206  1.845172  1.156917  1.429169  0.685485  1.733693   \n",
      "568  0.763518 -0.077108 -1.808817 -0.070217 -1.857384  0.382756 -1.346604   \n",
      "\n",
      "          f18       f28        f9  ...       f24        f7       f26  \\\n",
      "0    0.660239  2.294058  2.215566  ...  1.995901  0.314317  2.614365   \n",
      "1    0.259933  1.086129  0.001391  ...  1.885663 -0.044955 -0.430066   \n",
      "2    1.423575  1.953282  0.938859  ...  1.453463  0.141253  1.081980   \n",
      "3    1.114027  2.173873  2.864862  ... -0.543582  0.215399  3.889975   \n",
      "4    1.143199  0.728618 -0.009552  ...  1.218990  0.142264 -0.313119   \n",
      "..        ...       ...       ...  ...       ...       ...       ...   \n",
      "564  2.065360  1.627719 -0.312314  ...  2.009899  0.219612 -0.273077   \n",
      "565  0.807720  0.733182 -0.217473  ...  1.491959  0.051267 -0.394473   \n",
      "566  0.611619  0.413705 -0.808406  ...  0.429831 -0.035501  0.350427   \n",
      "567  0.785031  2.287972  2.135315  ...  1.649440  0.400765  3.901415   \n",
      "568 -1.911765 -1.743529 -0.819349  ... -1.066947 -0.191394 -1.206491   \n",
      "\n",
      "          f29        f8        f2       f20       f17       f30  Class  \n",
      "0    2.748204  2.530249 -2.071512  0.906286  0.723390  1.935312      1  \n",
      "1   -0.243675  0.547662 -0.353322 -0.099356 -0.440393  0.280943      1  \n",
      "2    1.151242  2.035440  0.455786  0.293301  0.212889  0.201214      1  \n",
      "3    6.040726  1.450431  0.253509  2.045711  0.818798  4.930672      1  \n",
      "4   -0.867590  1.427237 -1.150804  0.498889  0.827742 -0.396751      1  \n",
      "..        ...       ...       ...       ...       ...       ...    ...  \n",
      "564 -1.358963  2.318924  0.720838  0.167832  0.665416 -0.708467      1  \n",
      "565 -0.531387  1.262558  2.083301 -0.490124  0.251980 -0.973122      1  \n",
      "566 -1.103578  0.105684  2.043775  0.036694  0.510377 -0.318129      1  \n",
      "567  1.917396  2.656528  2.334403  0.903262  1.301140  2.217684      1  \n",
      "568 -0.048096 -1.260710  1.220718 -0.382418 -1.056571 -0.750546      0  \n",
      "\n",
      "[569 rows x 31 columns]\n"
     ]
    }
   ],
   "source": [
    "data1=pd.read_csv(\"gg.csv\") #and print the dataset given\n",
    "data1.isnull().sum()\n",
    "data1=data1.fillna(value = data1['radius_mean' ].mean())\n",
    "data1=data1.fillna(value = data1['perimeter_mean' ].mean())\n",
    "data1=data1.fillna(value = data1['concavity_mean' ].mean())\n",
    "data1=data1.fillna(value = data1['compactness_se' ].mean())\n",
    "data1=data1.fillna(value = data1['area_worst' ].mean())\n",
    "data1=data1.fillna(value = data1['concavity_worst' ].mean())\n",
    "data1.columns=[\"ID\",\"Class\",\"f1\",\"f2\",\"f3\",\"f4\",\"f5\",\"f6\",\"f7\",\"f8\",\"f9\",\"f10\",\"f11\",\"f12\",\"f13\",\"f14\",\"f15\",\"f16\",\"f17\",\"f18\",\"f19\",\"f20\",\"f21\",\"f22\",\"f23\",\"f24\",\"f25\",\"f26\",\"f27\",\"f28\",\"f29\",\"f30\"]\n",
    "data1.pop(\"ID\")\n",
    "df = data1['Class']\n",
    "data1.pop(\"Class\")\n",
    "data1=data1.sample(frac=1, axis=1)\n",
    "data1=(data1-data1.mean())/data1.std()\n",
    "data1.insert(30, 'Class',df, True)\n",
    "print(data1)"
   ]
  },
  {
   "cell_type": "code",
   "execution_count": 3,
   "id": "3658bd01",
   "metadata": {},
   "outputs": [],
   "source": [
    "def norm_pdf(x, loc=0, scale=1):\n",
    "    \"\"\"PDF for the normal distribution.\"\"\"\n",
    "    z = (x - loc) / scale\n",
    "    pdf = np.exp(-0.5 * z ** 2) / (np.sqrt(2 * np.pi) * scale)\n",
    "    return pdf"
   ]
  },
  {
   "cell_type": "code",
   "execution_count": 4,
   "id": "08aa9bc8",
   "metadata": {},
   "outputs": [
    {
     "data": {
      "text/html": [
       "<div>\n",
       "<style scoped>\n",
       "    .dataframe tbody tr th:only-of-type {\n",
       "        vertical-align: middle;\n",
       "    }\n",
       "\n",
       "    .dataframe tbody tr th {\n",
       "        vertical-align: top;\n",
       "    }\n",
       "\n",
       "    .dataframe thead th {\n",
       "        text-align: right;\n",
       "    }\n",
       "</style>\n",
       "<table border=\"1\" class=\"dataframe\">\n",
       "  <thead>\n",
       "    <tr style=\"text-align: right;\">\n",
       "      <th></th>\n",
       "      <th>f1</th>\n",
       "      <th>f2</th>\n",
       "      <th>f3</th>\n",
       "      <th>f4</th>\n",
       "      <th>f5</th>\n",
       "      <th>f6</th>\n",
       "      <th>f7</th>\n",
       "      <th>f8</th>\n",
       "      <th>f9</th>\n",
       "      <th>f10</th>\n",
       "      <th>...</th>\n",
       "      <th>f21</th>\n",
       "      <th>f22</th>\n",
       "      <th>f23</th>\n",
       "      <th>f24</th>\n",
       "      <th>f25</th>\n",
       "      <th>f26</th>\n",
       "      <th>f27</th>\n",
       "      <th>f28</th>\n",
       "      <th>f29</th>\n",
       "      <th>f30</th>\n",
       "    </tr>\n",
       "    <tr>\n",
       "      <th>Class</th>\n",
       "      <th></th>\n",
       "      <th></th>\n",
       "      <th></th>\n",
       "      <th></th>\n",
       "      <th></th>\n",
       "      <th></th>\n",
       "      <th></th>\n",
       "      <th></th>\n",
       "      <th></th>\n",
       "      <th></th>\n",
       "      <th></th>\n",
       "      <th></th>\n",
       "      <th></th>\n",
       "      <th></th>\n",
       "      <th></th>\n",
       "      <th></th>\n",
       "      <th></th>\n",
       "      <th></th>\n",
       "      <th></th>\n",
       "      <th></th>\n",
       "      <th></th>\n",
       "    </tr>\n",
       "  </thead>\n",
       "  <tbody>\n",
       "    <tr>\n",
       "      <th>0.0</th>\n",
       "      <td>-0.345888</td>\n",
       "      <td>0.051647</td>\n",
       "      <td>-0.570718</td>\n",
       "      <td>-0.434428</td>\n",
       "      <td>-0.334953</td>\n",
       "      <td>0.071361</td>\n",
       "      <td>-0.555381</td>\n",
       "      <td>-0.322393</td>\n",
       "      <td>-0.640683</td>\n",
       "      <td>-0.204206</td>\n",
       "      <td>...</td>\n",
       "      <td>-0.426561</td>\n",
       "      <td>-0.577693</td>\n",
       "      <td>-0.114672</td>\n",
       "      <td>-0.472171</td>\n",
       "      <td>-0.330693</td>\n",
       "      <td>-0.606713</td>\n",
       "      <td>-0.316700</td>\n",
       "      <td>-0.045663</td>\n",
       "      <td>-0.200859</td>\n",
       "      <td>-0.263075</td>\n",
       "    </tr>\n",
       "    <tr>\n",
       "      <th>1.0</th>\n",
       "      <td>0.590807</td>\n",
       "      <td>-0.031824</td>\n",
       "      <td>0.895490</td>\n",
       "      <td>0.610593</td>\n",
       "      <td>0.597391</td>\n",
       "      <td>-0.064257</td>\n",
       "      <td>0.853818</td>\n",
       "      <td>0.504195</td>\n",
       "      <td>1.020378</td>\n",
       "      <td>0.412926</td>\n",
       "      <td>...</td>\n",
       "      <td>0.614962</td>\n",
       "      <td>0.863136</td>\n",
       "      <td>0.079481</td>\n",
       "      <td>0.799800</td>\n",
       "      <td>0.581812</td>\n",
       "      <td>0.977741</td>\n",
       "      <td>0.517415</td>\n",
       "      <td>0.100909</td>\n",
       "      <td>0.324963</td>\n",
       "      <td>0.490327</td>\n",
       "    </tr>\n",
       "  </tbody>\n",
       "</table>\n",
       "<p>2 rows × 30 columns</p>\n",
       "</div>"
      ],
      "text/plain": [
       "             f1        f2        f3        f4        f5        f6        f7  \\\n",
       "Class                                                                         \n",
       "0.0   -0.345888  0.051647 -0.570718 -0.434428 -0.334953  0.071361 -0.555381   \n",
       "1.0    0.590807 -0.031824  0.895490  0.610593  0.597391 -0.064257  0.853818   \n",
       "\n",
       "             f8        f9       f10  ...       f21       f22       f23  \\\n",
       "Class                                ...                                 \n",
       "0.0   -0.322393 -0.640683 -0.204206  ... -0.426561 -0.577693 -0.114672   \n",
       "1.0    0.504195  1.020378  0.412926  ...  0.614962  0.863136  0.079481   \n",
       "\n",
       "            f24       f25       f26       f27       f28       f29       f30  \n",
       "Class                                                                        \n",
       "0.0   -0.472171 -0.330693 -0.606713 -0.316700 -0.045663 -0.200859 -0.263075  \n",
       "1.0    0.799800  0.581812  0.977741  0.517415  0.100909  0.324963  0.490327  \n",
       "\n",
       "[2 rows x 30 columns]"
      ]
     },
     "execution_count": 4,
     "metadata": {},
     "output_type": "execute_result"
    }
   ],
   "source": [
    "dataset = np.array(data1)\n",
    "np.random.shuffle(dataset) #shuffling to avoid bias\n",
    "size_train=int(dataset.shape[0]*0.67)  #Training data size 70% of total\n",
    "size_test=int(dataset.shape[0]-size_train) #Testing data size 30% of total\n",
    "train_data = dataset[:size_train,:]\n",
    "test_data = dataset[size_test:,:]\n",
    "train_data = pd.DataFrame(train_data,columns =[\"f1\",\"f2\",\"f3\",\"f4\",\"f5\",\"f6\",\"f7\",\"f8\",\"f9\",\"f10\",\"f11\",\"f12\",\"f13\",\"f14\",\"f15\",\"f16\",\"f17\",\"f18\",\"f19\",\"f20\",\"f21\",\"f22\",\"f23\",\"f24\",\"f25\",\"f26\",\"f27\",\"f28\",\"f29\",\"f30\",\"Class\"])\n",
    "test_data = pd.DataFrame(test_data,columns =[\"f1\",\"f2\",\"f3\",\"f4\",\"f5\",\"f6\",\"f7\",\"f8\",\"f9\",\"f10\",\"f11\",\"f12\",\"f13\",\"f14\",\"f15\",\"f16\",\"f17\",\"f18\",\"f19\",\"f20\",\"f21\",\"f22\",\"f23\",\"f24\",\"f25\",\"f26\",\"f27\",\"f28\",\"f29\",\"f30\",\"Class\"])\n",
    "mean1 = train_data.groupby(\"Class\").mean()   #classifying into two classes and finding the mean\n",
    "mean1"
   ]
  },
  {
   "cell_type": "code",
   "execution_count": 5,
   "id": "d92e2286",
   "metadata": {},
   "outputs": [
    {
     "data": {
      "text/plain": [
       "f1    -0.936694\n",
       "f2     0.083470\n",
       "f3    -1.466208\n",
       "f4    -1.045021\n",
       "f5    -0.932344\n",
       "f6     0.135618\n",
       "f7    -1.409199\n",
       "f8    -0.826589\n",
       "f9    -1.661061\n",
       "f10   -0.617132\n",
       "f11   -1.577407\n",
       "f12   -1.555202\n",
       "f13    0.010574\n",
       "f14   -0.000153\n",
       "f15   -0.996501\n",
       "f16    0.173096\n",
       "f17   -0.749591\n",
       "f18   -0.477196\n",
       "f19   -1.485735\n",
       "f20   -1.249332\n",
       "f21   -1.041523\n",
       "f22   -1.440828\n",
       "f23   -0.194153\n",
       "f24   -1.271971\n",
       "f25   -0.912505\n",
       "f26   -1.584453\n",
       "f27   -0.834115\n",
       "f28   -0.146572\n",
       "f29   -0.525821\n",
       "f30   -0.753402\n",
       "dtype: float64"
      ]
     },
     "execution_count": 5,
     "metadata": {},
     "output_type": "execute_result"
    }
   ],
   "source": [
    "mean_vector = mean1.iloc[0]-mean1.iloc[1]\n",
    "mean_vector"
   ]
  },
  {
   "cell_type": "code",
   "execution_count": 6,
   "id": "4e1215d6",
   "metadata": {},
   "outputs": [
    {
     "name": "stdout",
     "output_type": "stream",
     "text": [
      "144\n",
      "237\n",
      "[[ 4.49302315e-01 -1.80588169e-02  1.09197160e+00 ... -7.01763743e-01\n",
      "  -3.26410782e-01 -1.02715583e+00]\n",
      " [ 1.50197540e+00 -1.90740755e-02  1.38633260e-01 ... -5.69114240e-01\n",
      "  -1.56796068e-01 -1.13598679e-01]\n",
      " [-1.87080870e+00 -1.47626109e-03  5.48426456e-01 ... -2.64511676e-01\n",
      "   5.75412765e-02 -1.67716559e+00]\n",
      " ...\n",
      " [ 2.42672512e-01 -2.28643739e-02 -9.34228094e-01 ... -4.59517784e-01\n",
      "  -6.57689521e-01  7.03066050e-01]\n",
      " [ 1.20423325e+00 -1.44241914e-03 -5.58584331e-01 ... -4.13789607e-01\n",
      "  -1.96880795e-01  3.29891794e-01]\n",
      " [ 9.13609244e-02 -3.51828440e-02 -1.09074633e+00 ... -8.29122383e-01\n",
      "  -6.68952998e-01 -1.05705407e+00]]\n",
      "[[-1.23348361 -0.11076801 -0.19938754 ... -0.554814   -0.35415635\n",
      "   0.33417666]\n",
      " [ 0.2617352  -0.11222321  0.38399861 ... -0.71316198 -0.35581274\n",
      "   0.41279794]\n",
      " [-0.07668211 -0.12308986  0.13356943 ... -0.62699649 -0.79409451\n",
      "  -0.82410308]\n",
      " ...\n",
      " [ 2.39962151 -0.12161774 -0.25914905 ... -0.71845285 -0.85571236\n",
      "  -1.11533402]\n",
      " [ 2.48259883 -0.09572526 -0.13678025 ... -0.58429167  0.56050425\n",
      "  -0.38725666]\n",
      " [ 0.53344526 -0.09948172 -0.63593113 ... -0.03933274  0.14773094\n",
      "   0.31590552]]\n"
     ]
    }
   ],
   "source": [
    "points = train_data.groupby('Class')\n",
    "positive_points = points.get_group(1)  #positive as class 1\n",
    "negative_points = points.get_group(0)  #negative as class 0\n",
    "del positive_points['Class']\n",
    "del negative_points['Class']\n",
    "pos_diff = positive_points - mean1.iloc[1]  #(xn-M1)  M1 is mean vector for all points of class 1\n",
    "neg_diff = negative_points - mean1.iloc[0]  #(xn-M2)  M2 is mean vector for all points of class 0\n",
    "pos_diff = pos_diff.values\n",
    "neg_diff = neg_diff.values\n",
    "N1 = len(positive_points)\n",
    "N2 = len(negative_points)\n",
    "print(N1)\n",
    "print(N2)\n",
    "print(pos_diff)\n",
    "print(neg_diff)"
   ]
  },
  {
   "cell_type": "code",
   "execution_count": 7,
   "id": "988a8bc3",
   "metadata": {},
   "outputs": [
    {
     "data": {
      "text/plain": [
       "array([[ 1.71072631e+00, -1.32825708e-01, -1.41199298e-01,\n",
       "        -2.42839193e-01,  2.35350223e-01,  8.17367971e-01,\n",
       "        -1.50673968e-01, -2.35440046e-01,  3.53134655e-02,\n",
       "        -1.38245845e-01, -2.04478031e-02, -2.87788547e-02,\n",
       "        -2.78188064e-01, -3.41697985e-02, -2.22230329e-01,\n",
       "        -5.86034043e-02, -1.95994288e-01,  6.62137238e-02,\n",
       "        -1.37707266e-01, -1.25583611e-02, -2.22861928e-01,\n",
       "        -2.98470466e-02, -7.71758854e-03,  3.10578752e-01,\n",
       "         1.23788574e-01, -1.51135452e-01,  1.52554983e+00,\n",
       "        -9.09933822e-02, -5.57318082e-02,  2.83331776e-01],\n",
       "       [-1.32825708e-01,  2.39144698e+00,  5.27336696e-02,\n",
       "         1.06267142e-01,  7.30320081e-02,  2.63904154e-01,\n",
       "         3.93656746e-02,  3.42786869e-01,  6.07444775e-02,\n",
       "         1.02068384e-01,  2.78277744e-02,  2.74426754e-02,\n",
       "        -2.13983712e-02,  5.64376455e-02,  5.91586666e-02,\n",
       "         1.12808640e-01,  2.43589860e-01,  7.75014025e-03,\n",
       "         5.50646164e-02,  6.80212156e-02,  1.20492579e-01,\n",
       "         1.85707944e-02,  1.31724635e-02,  3.20747563e-03,\n",
       "        -7.56322759e-02,  1.22640462e-01, -1.07084691e-01,\n",
       "         1.13279625e-01,  1.11922022e-01, -6.80319629e-03],\n",
       "       [-1.41199298e-01,  5.27336696e-02,  1.11696944e+00,\n",
       "         6.35151369e-01, -4.91251589e-01, -2.26284608e-01,\n",
       "         1.16170715e+00,  1.78232017e-01,  3.63060276e-01,\n",
       "        -2.47917060e-01,  9.34079667e-01,  9.46331651e-01,\n",
       "        -2.21856803e-01, -6.43664193e-01,  7.74037721e-01,\n",
       "        -3.34742270e-01, -2.47465131e-01,  4.39979038e-02,\n",
       "         1.08689201e+00,  1.94896589e-01,  6.71668043e-01,\n",
       "         9.70420619e-01,  6.05367787e-02, -4.68678221e-02,\n",
       "        -4.17944818e-01,  6.35501909e-01,  4.83993066e-02,\n",
       "        -1.74367937e-01,  6.93938067e-02, -5.12735995e-01],\n",
       "       [-2.42839193e-01,  1.06267142e-01,  6.35151369e-01,\n",
       "         1.45712918e+00, -2.25520488e-01,  4.09835899e-01,\n",
       "         7.66827664e-01,  6.01976439e-01,  2.15702115e-01,\n",
       "         2.24593436e-01,  6.07545411e-01,  5.92613192e-01,\n",
       "         6.16600190e-01,  4.86933240e-02,  1.33064379e+00,\n",
       "         4.08509043e-01,  2.49991416e-01,  1.76786249e-02,\n",
       "         6.41245342e-01,  4.02852743e-01,  1.48022164e+00,\n",
       "         6.71577175e-01,  8.03984795e-02, -8.93125959e-02,\n",
       "        -3.40701845e-01,  6.42851997e-01, -1.03909966e-02,\n",
       "         3.81589027e-01,  4.16504210e-01, -2.82097128e-01],\n",
       "       [ 2.35350223e-01,  7.30320081e-02, -4.91251589e-01,\n",
       "        -2.25520488e-01,  1.87133238e+00, -6.51880293e-02,\n",
       "        -4.71745122e-01,  9.61395241e-02,  5.19877988e-01,\n",
       "         6.66163623e-01, -2.43358180e-01, -2.87516306e-01,\n",
       "        -9.56232801e-02,  1.22353046e+00, -2.77894901e-01,\n",
       "         6.22785113e-01,  1.45842464e+00,  2.09313265e-01,\n",
       "        -4.19551636e-01,  7.55234586e-01, -2.58919887e-01,\n",
       "        -2.73778000e-01,  5.33963250e-02,  8.37961716e-01,\n",
       "         7.34951914e-01,  2.95235866e-01, -9.46475716e-02,\n",
       "         3.43938231e-01,  1.22354688e-01,  1.21663866e+00],\n",
       "       [ 8.17367971e-01,  2.63904154e-01, -2.26284608e-01,\n",
       "         4.09835899e-01, -6.51880293e-02,  1.98733122e+00,\n",
       "        -1.73441090e-01,  5.53345947e-01, -1.91541596e-01,\n",
       "         2.51057444e-01, -2.12569401e-01, -2.41906176e-01,\n",
       "         8.10696837e-01,  3.44479791e-01,  2.02362873e-01,\n",
       "         7.90532326e-01,  1.45418937e-01, -3.55008406e-02,\n",
       "        -2.02859429e-01,  8.53244865e-02,  4.75944874e-01,\n",
       "        -1.94908627e-01,  1.87924716e-02, -1.57271525e-01,\n",
       "        -2.29734688e-01,  1.81693026e-02,  7.40531266e-01,\n",
       "         5.41345548e-01,  4.00673525e-01, -4.11176208e-02],\n",
       "       [-1.50673968e-01,  3.93656746e-02,  1.16170715e+00,\n",
       "         7.66827664e-01, -4.71745122e-01, -1.73441090e-01,\n",
       "         1.25440083e+00,  1.79894592e-01,  3.68759180e-01,\n",
       "        -2.46374495e-01,  9.76101397e-01,  9.88185331e-01,\n",
       "        -1.67697961e-01, -6.11235584e-01,  9.21095144e-01,\n",
       "        -2.46241104e-01, -2.18265296e-01,  4.44045525e-02,\n",
       "         1.13135507e+00,  2.08593947e-01,  8.03635210e-01,\n",
       "         1.05143470e+00,  6.82552808e-02, -6.36227914e-02,\n",
       "        -4.60757403e-01,  6.93705424e-01,  4.95780542e-02,\n",
       "        -1.33349070e-01,  9.35144117e-02, -5.15854232e-01],\n",
       "       [-2.35440046e-01,  3.42786869e-01,  1.78232017e-01,\n",
       "         6.01976439e-01,  9.61395241e-02,  5.53345947e-01,\n",
       "         1.79894592e-01,  1.80456151e+00,  5.48539162e-01,\n",
       "         5.91207068e-01,  1.69088952e-01,  8.41747187e-02,\n",
       "         7.20034638e-01,  6.99337801e-01,  3.75328771e-01,\n",
       "         8.58988324e-01,  4.82389729e-01,  1.67337113e-01,\n",
       "         2.31407193e-01,  8.18635869e-01,  7.50867027e-01,\n",
       "         7.14280823e-02,  1.08683817e-01,  3.71121051e-01,\n",
       "        -5.70705185e-02,  6.28933392e-01, -4.87080036e-02,\n",
       "         1.19421191e+00,  1.31466264e+00,  3.19452381e-01],\n",
       "       [ 3.53134655e-02,  6.07444775e-02,  3.63060276e-01,\n",
       "         2.15702115e-01,  5.19877988e-01, -1.91541596e-01,\n",
       "         3.68759180e-01,  5.48539162e-01,  8.17595062e-01,\n",
       "         4.40017077e-01,  4.53118178e-01,  3.93473746e-01,\n",
       "        -7.87731276e-02,  5.00472063e-01,  2.27547446e-01,\n",
       "        -1.01534609e-01,  5.27806889e-01,  2.51983703e-01,\n",
       "         4.06881493e-01,  8.30031743e-01,  2.91810581e-01,\n",
       "         3.91223901e-01,  9.82297917e-02,  7.90982341e-01,\n",
       "         3.92384668e-01,  7.07038475e-01, -4.32883510e-02,\n",
       "         3.31726893e-01,  4.48176436e-01,  6.33932682e-01],\n",
       "       [-1.38245845e-01,  1.02068384e-01, -2.47917060e-01,\n",
       "         2.24593436e-01,  6.66163623e-01,  2.51057444e-01,\n",
       "        -2.46374495e-01,  5.91207068e-01,  4.40017077e-01,\n",
       "         1.94064279e+00, -9.63471014e-02, -1.78198869e-01,\n",
       "         9.32600652e-01,  1.13830558e+00,  3.99606766e-02,\n",
       "         3.21833478e-01,  9.92467645e-01,  1.77052961e-01,\n",
       "        -1.65647025e-01,  9.68061853e-01,  2.74647840e-01,\n",
       "        -1.81437806e-01,  8.56927243e-02,  7.10957626e-01,\n",
       "         1.27710515e+00,  5.02724336e-01, -1.66304676e-01,\n",
       "         6.91465144e-01,  4.92659699e-01,  8.46540970e-01],\n",
       "       [-2.04478031e-02,  2.78277744e-02,  9.34079667e-01,\n",
       "         6.07545411e-01, -2.43358180e-01, -2.12569401e-01,\n",
       "         9.76101397e-01,  1.69088952e-01,  4.53118178e-01,\n",
       "        -9.63471014e-02,  9.03576142e-01,  8.88455109e-01,\n",
       "        -2.32234607e-01, -3.79333844e-01,  6.89760696e-01,\n",
       "        -3.40842855e-01, -9.67828794e-02,  9.19001841e-02,\n",
       "         9.22189265e-01,  3.50338184e-01,  6.58585271e-01,\n",
       "         9.24609861e-01,  6.69594600e-02,  1.88304709e-01,\n",
       "        -1.92768695e-01,  6.38409699e-01,  8.45320951e-02,\n",
       "        -9.23464218e-02,  9.72215759e-02, -2.31570440e-01],\n",
       "       [-2.87788547e-02,  2.74426754e-02,  9.46331651e-01,\n",
       "         5.92613192e-01, -2.87516306e-01, -2.41906176e-01,\n",
       "         9.88185331e-01,  8.41747187e-02,  3.93473746e-01,\n",
       "        -1.78198869e-01,  8.88455109e-01,  9.04967499e-01,\n",
       "        -2.81412271e-01, -4.86739626e-01,  6.81399685e-01,\n",
       "        -3.67766874e-01, -1.56649795e-01,  6.12697485e-02,\n",
       "         9.21534262e-01,  2.24749910e-01,  5.97567615e-01,\n",
       "         9.42043773e-01,  5.47648340e-02,  7.12202662e-02,\n",
       "        -2.47153228e-01,  5.78272213e-01,  7.97163290e-02,\n",
       "        -1.67985470e-01,  1.60614617e-02, -3.22856220e-01],\n",
       "       [-2.78188064e-01, -2.13983712e-02, -2.21856803e-01,\n",
       "         6.16600190e-01, -9.56232801e-02,  8.10696837e-01,\n",
       "        -1.67697961e-01,  7.20034638e-01, -7.87731276e-02,\n",
       "         9.32600652e-01, -2.32234607e-01, -2.81412271e-01,\n",
       "         2.17722499e+00,  6.11054197e-01,  3.83709630e-01,\n",
       "         7.95910146e-01,  3.89814129e-01,  3.77191971e-04,\n",
       "        -1.83526217e-01,  3.87681321e-01,  6.89910171e-01,\n",
       "        -2.57867566e-01,  4.12586312e-02,  6.24795498e-02,\n",
       "         8.58309524e-01,  1.55578416e-01, -7.07160228e-02,\n",
       "         6.68754654e-01,  5.52363679e-01,  7.42784368e-02],\n",
       "       [-3.41697985e-02,  5.64376455e-02, -6.43664193e-01,\n",
       "         4.86933240e-02,  1.22353046e+00,  3.44479791e-01,\n",
       "        -6.11235584e-01,  6.99337801e-01,  5.00472063e-01,\n",
       "         1.13830558e+00, -3.79333844e-01, -4.86739626e-01,\n",
       "         6.11054197e-01,  2.09716652e+00, -1.60954477e-01,\n",
       "         6.69226359e-01,  1.36494744e+00,  2.70824405e-01,\n",
       "        -5.24815431e-01,  1.27715680e+00,  1.24559436e-01,\n",
       "        -4.68447266e-01,  1.03555257e-01,  1.10785908e+00,\n",
       "         8.41400260e-01,  4.45943657e-01, -1.69478226e-01,\n",
       "         1.35556971e+00,  8.01874178e-01,  1.72790238e+00],\n",
       "       [-2.22230329e-01,  5.91586666e-02,  7.74037721e-01,\n",
       "         1.33064379e+00, -2.77894901e-01,  2.02362873e-01,\n",
       "         9.21095144e-01,  3.75328771e-01,  2.27547446e-01,\n",
       "         3.99606766e-02,  6.89760696e-01,  6.81399685e-01,\n",
       "         3.83709630e-01, -1.60954477e-01,  1.37110510e+00,\n",
       "         2.21738779e-01,  1.08994559e-01,  2.21016859e-02,\n",
       "         7.70172169e-01,  3.09517087e-01,  1.37652422e+00,\n",
       "         7.75040050e-01,  7.55410428e-02, -9.26099146e-02,\n",
       "        -3.92852769e-01,  6.31792316e-01, -1.76786156e-02,\n",
       "         1.71944240e-01,  2.78025071e-01, -3.53338659e-01],\n",
       "       [-5.86034043e-02,  1.12808640e-01, -3.34742270e-01,\n",
       "         4.08509043e-01,  6.22785113e-01,  7.90532326e-01,\n",
       "        -2.46241104e-01,  8.58988324e-01, -1.01534609e-01,\n",
       "         3.21833478e-01, -3.40842855e-01, -3.67766874e-01,\n",
       "         7.95910146e-01,  6.69226359e-01,  2.21738779e-01,\n",
       "         2.03474877e+00,  6.48702917e-01, -1.95433446e-02,\n",
       "        -2.96492219e-01,  2.42787502e-01,  3.89234309e-01,\n",
       "        -2.99253397e-01,  3.28571430e-02, -1.02758032e-01,\n",
       "        -2.48244669e-01,  1.02496946e-01,  9.60239550e-02,\n",
       "         8.73636571e-01,  6.01627469e-01,  1.64582838e-01],\n",
       "       [-1.95994288e-01,  2.43589860e-01, -2.47465131e-01,\n",
       "         2.49991416e-01,  1.45842464e+00,  1.45418937e-01,\n",
       "        -2.18265296e-01,  4.82389729e-01,  5.27806889e-01,\n",
       "         9.92467645e-01, -9.67828794e-02, -1.56649795e-01,\n",
       "         3.89814129e-01,  1.36494744e+00,  1.08994559e-01,\n",
       "         6.48702917e-01,  1.88450627e+00,  1.80084418e-01,\n",
       "        -1.63368294e-01,  1.02315353e+00,  2.40295316e-01,\n",
       "        -1.43813843e-01,  9.19259966e-02,  6.65107674e-01,\n",
       "         5.75385317e-01,  6.52894040e-01, -3.32570017e-01,\n",
       "         5.84132150e-01,  3.25761830e-01,  9.70274198e-01],\n",
       "       [ 6.62137238e-02,  7.75014025e-03,  4.39979038e-02,\n",
       "         1.76786249e-02,  2.09313265e-01, -3.55008406e-02,\n",
       "         4.44045525e-02,  1.67337113e-01,  2.51983703e-01,\n",
       "         1.77052961e-01,  9.19001841e-02,  6.12697485e-02,\n",
       "         3.77191971e-04,  2.70824405e-01,  2.21016859e-02,\n",
       "        -1.95433446e-02,  1.80084418e-01,  1.39624585e-01,\n",
       "         6.70750589e-02,  3.33402487e-01,  4.73340053e-02,\n",
       "         6.12554185e-02,  4.34578371e-02,  3.90041122e-01,\n",
       "         1.93795114e-01,  2.06780543e-01,  3.25923359e-02,\n",
       "         2.22252135e-01,  2.90046119e-01,  3.70948904e-01],\n",
       "       [-1.37707266e-01,  5.50646164e-02,  1.08689201e+00,\n",
       "         6.41245342e-01, -4.19551636e-01, -2.02859429e-01,\n",
       "         1.13135507e+00,  2.31407193e-01,  4.06881493e-01,\n",
       "        -1.65647025e-01,  9.22189265e-01,  9.21534262e-01,\n",
       "        -1.83526217e-01, -5.24815431e-01,  7.70172169e-01,\n",
       "        -2.96492219e-01, -1.63368294e-01,  6.70750589e-02,\n",
       "         1.08225008e+00,  2.97604834e-01,  6.92406639e-01,\n",
       "         9.45283341e-01,  6.97603989e-02,  4.08536903e-02,\n",
       "        -3.64161356e-01,  6.79426073e-01,  4.60444923e-02,\n",
       "        -1.02499615e-01,  1.27755681e-01, -4.14516911e-01],\n",
       "       [-1.25583611e-02,  6.80212156e-02,  1.94896589e-01,\n",
       "         4.02852743e-01,  7.55234586e-01,  8.53244865e-02,\n",
       "         2.08593947e-01,  8.18635869e-01,  8.30031743e-01,\n",
       "         9.68061853e-01,  3.50338184e-01,  2.24749910e-01,\n",
       "         3.87681321e-01,  1.27715680e+00,  3.09517087e-01,\n",
       "         2.42787502e-01,  1.02315353e+00,  3.33402487e-01,\n",
       "         2.97604834e-01,  1.48595105e+00,  5.46807932e-01,\n",
       "         2.24110290e-01,  1.48644976e-01,  1.21014513e+00,\n",
       "         6.33344922e-01,  9.13329808e-01, -8.46443284e-03,\n",
       "         9.07301743e-01,  7.92050632e-01,  1.15496846e+00],\n",
       "       [-2.22861928e-01,  1.20492579e-01,  6.71668043e-01,\n",
       "         1.48022164e+00, -2.58919887e-01,  4.75944874e-01,\n",
       "         8.03635210e-01,  7.50867027e-01,  2.91810581e-01,\n",
       "         2.74647840e-01,  6.58585271e-01,  5.97567615e-01,\n",
       "         6.89910171e-01,  1.24559436e-01,  1.37652422e+00,\n",
       "         3.89234309e-01,  2.40295316e-01,  4.73340053e-02,\n",
       "         6.92406639e-01,  5.46807932e-01,  1.62683011e+00,\n",
       "         6.71360115e-01,  9.23324941e-02,  4.27110383e-02,\n",
       "        -3.06341169e-01,  7.09964388e-01,  1.03785358e-02,\n",
       "         4.48791848e-01,  5.00743475e-01, -2.16614327e-01],\n",
       "       [-2.98470466e-02,  1.85707944e-02,  9.70420619e-01,\n",
       "         6.71577175e-01, -2.73778000e-01, -1.94908627e-01,\n",
       "         1.05143470e+00,  7.14280823e-02,  3.91223901e-01,\n",
       "        -1.81437806e-01,  9.24609861e-01,  9.42043773e-01,\n",
       "        -2.57867566e-01, -4.68447266e-01,  7.75040050e-01,\n",
       "        -2.99253397e-01, -1.43813843e-01,  6.12554185e-02,\n",
       "         9.45283341e-01,  2.24110290e-01,  6.71360115e-01,\n",
       "         1.02828486e+00,  5.96973375e-02,  5.35322471e-02,\n",
       "        -2.87860929e-01,  6.16455553e-01,  7.99507264e-02,\n",
       "        -1.41471011e-01,  2.65036183e-02, -3.32184786e-01],\n",
       "       [-7.71758854e-03,  1.31724635e-02,  6.05367787e-02,\n",
       "         8.03984795e-02,  5.33963250e-02,  1.87924716e-02,\n",
       "         6.82552808e-02,  1.08683817e-01,  9.82297917e-02,\n",
       "         8.56927243e-02,  6.69594600e-02,  5.47648340e-02,\n",
       "         4.12586312e-02,  1.03555257e-01,  7.55410428e-02,\n",
       "         3.28571430e-02,  9.19259966e-02,  4.34578371e-02,\n",
       "         6.97603989e-02,  1.48644976e-01,  9.23324941e-02,\n",
       "         5.96973375e-02,  2.18381511e-02,  1.07817108e-01,\n",
       "         3.22376817e-02,  1.28974461e-01,  2.18858363e-03,\n",
       "         1.08089641e-01,  1.31488103e-01,  9.03166160e-02],\n",
       "       [ 3.10578752e-01,  3.20747563e-03, -4.68678221e-02,\n",
       "        -8.93125959e-02,  8.37961716e-01, -1.57271525e-01,\n",
       "        -6.36227914e-02,  3.71121051e-01,  7.90982341e-01,\n",
       "         7.10957626e-01,  1.88304709e-01,  7.12202662e-02,\n",
       "         6.24795498e-02,  1.10785908e+00, -9.26099146e-02,\n",
       "        -1.02758032e-01,  6.65107674e-01,  3.90041122e-01,\n",
       "         4.08536903e-02,  1.21014513e+00,  4.27110383e-02,\n",
       "         5.35322471e-02,  1.07817108e-01,  1.56198409e+00,\n",
       "         9.35042803e-01,  5.36732450e-01,  1.41993633e-01,\n",
       "         6.77944585e-01,  5.92629170e-01,  1.48792628e+00],\n",
       "       [ 1.23788574e-01, -7.56322759e-02, -4.17944818e-01,\n",
       "        -3.40701845e-01,  7.34951914e-01, -2.29734688e-01,\n",
       "        -4.60757403e-01, -5.70705185e-02,  3.92384668e-01,\n",
       "         1.27710515e+00, -1.92768695e-01, -2.47153228e-01,\n",
       "         8.58309524e-01,  8.41400260e-01, -3.92852769e-01,\n",
       "        -2.48244669e-01,  5.75385317e-01,  1.93795114e-01,\n",
       "        -3.64161356e-01,  6.33344922e-01, -3.06341169e-01,\n",
       "        -2.87860929e-01,  3.22376817e-02,  9.35042803e-01,\n",
       "         1.92827566e+00,  9.39830536e-02, -1.22870071e-01,\n",
       "         1.95554331e-01,  1.04525304e-01,  1.00990866e+00],\n",
       "       [-1.51135452e-01,  1.22640462e-01,  6.35501909e-01,\n",
       "         6.42851997e-01,  2.95235866e-01,  1.81693026e-02,\n",
       "         6.93705424e-01,  6.28933392e-01,  7.07038475e-01,\n",
       "         5.02724336e-01,  6.38409699e-01,  5.78272213e-01,\n",
       "         1.55578416e-01,  4.45943657e-01,  6.31792316e-01,\n",
       "         1.02496946e-01,  6.52894040e-01,  2.06780543e-01,\n",
       "         6.79426073e-01,  9.13329808e-01,  7.09964388e-01,\n",
       "         6.16455553e-01,  1.28974461e-01,  5.36732450e-01,\n",
       "         9.39830536e-02,  9.94065744e-01, -7.02876777e-02,\n",
       "         4.14561509e-01,  5.10093464e-01,  3.22624353e-01],\n",
       "       [ 1.52554983e+00, -1.07084691e-01,  4.83993066e-02,\n",
       "        -1.03909966e-02, -9.46475716e-02,  7.40531266e-01,\n",
       "         4.95780542e-02, -4.87080036e-02, -4.32883510e-02,\n",
       "        -1.66304676e-01,  8.45320951e-02,  7.97163290e-02,\n",
       "        -7.07160228e-02, -1.69478226e-01, -1.76786156e-02,\n",
       "         9.60239550e-02, -3.32570017e-01,  3.25923359e-02,\n",
       "         4.60444923e-02, -8.46443284e-03,  1.03785358e-02,\n",
       "         7.99507264e-02,  2.18858363e-03,  1.41993633e-01,\n",
       "        -1.22870071e-01, -7.02876777e-02,  1.71753274e+00,\n",
       "         9.01292885e-03,  6.14553314e-02,  3.43677309e-02],\n",
       "       [-9.09933822e-02,  1.13279625e-01, -1.74367937e-01,\n",
       "         3.81589027e-01,  3.43938231e-01,  5.41345548e-01,\n",
       "        -1.33349070e-01,  1.19421191e+00,  3.31726893e-01,\n",
       "         6.91465144e-01, -9.23464218e-02, -1.67985470e-01,\n",
       "         6.68754654e-01,  1.35556971e+00,  1.71944240e-01,\n",
       "         8.73636571e-01,  5.84132150e-01,  2.22252135e-01,\n",
       "        -1.02499615e-01,  9.07301743e-01,  4.48791848e-01,\n",
       "        -1.41471011e-01,  1.08089641e-01,  6.77944585e-01,\n",
       "         1.95554331e-01,  4.14561509e-01,  9.01292885e-03,\n",
       "         1.86897365e+00,  1.36943535e+00,  1.14229415e+00],\n",
       "       [-5.57318082e-02,  1.11922022e-01,  6.93938067e-02,\n",
       "         4.16504210e-01,  1.22354688e-01,  4.00673525e-01,\n",
       "         9.35144117e-02,  1.31466264e+00,  4.48176436e-01,\n",
       "         4.92659699e-01,  9.72215759e-02,  1.60614617e-02,\n",
       "         5.52363679e-01,  8.01874178e-01,  2.78025071e-01,\n",
       "         6.01627469e-01,  3.25761830e-01,  2.90046119e-01,\n",
       "         1.27755681e-01,  7.92050632e-01,  5.00743475e-01,\n",
       "         2.65036183e-02,  1.31488103e-01,  5.92629170e-01,\n",
       "         1.04525304e-01,  5.10093464e-01,  6.14553314e-02,\n",
       "         1.36943535e+00,  1.64058859e+00,  6.41337532e-01],\n",
       "       [ 2.83331776e-01, -6.80319629e-03, -5.12735995e-01,\n",
       "        -2.82097128e-01,  1.21663866e+00, -4.11176208e-02,\n",
       "        -5.15854232e-01,  3.19452381e-01,  6.33932682e-01,\n",
       "         8.46540970e-01, -2.31570440e-01, -3.22856220e-01,\n",
       "         7.42784368e-02,  1.72790238e+00, -3.53338659e-01,\n",
       "         1.64582838e-01,  9.70274198e-01,  3.70948904e-01,\n",
       "        -4.14516911e-01,  1.15496846e+00, -2.16614327e-01,\n",
       "        -3.32184786e-01,  9.03166160e-02,  1.48792628e+00,\n",
       "         1.00990866e+00,  3.22624353e-01,  3.43677309e-02,\n",
       "         1.14229415e+00,  6.41337532e-01,  2.09761333e+00]])"
      ]
     },
     "execution_count": 7,
     "metadata": {},
     "output_type": "execute_result"
    }
   ],
   "source": [
    "sum_pos=np.zeros((30,30))   #to find Sw matrix -> within covariance matrix\n",
    "sum_neg=np.zeros((30,30))\n",
    "\n",
    "for i in range(len(pos_diff)):\n",
    "  sum_pos= np.dot(pos_diff[i].reshape(30,1),pos_diff[i].reshape(1,30)) + sum_pos\n",
    "for i in range(len(neg_diff)):\n",
    "  sum_neg= np.dot(neg_diff[i].reshape(30,1),neg_diff[i].reshape(1,30)) + sum_neg\n",
    "\n",
    "#summation of (xn-M1)^2 = sum_pos\n",
    "#summation of (xn-M2)^2 = sum_neg\n",
    "\n",
    "covariance_matrix = sum_pos/N1 + sum_neg/N2  \n",
    "covariance_matrix\n"
   ]
  },
  {
   "cell_type": "code",
   "execution_count": 8,
   "id": "6589a736",
   "metadata": {},
   "outputs": [
    {
     "data": {
      "text/plain": [
       "array([[ 8.70460393e+00,  3.09331708e-01,  1.79983946e+00,\n",
       "         1.62653641e+00, -1.19207039e+00, -2.84971625e+00,\n",
       "         1.65973283e-01,  4.94501212e-01, -1.38593108e+00,\n",
       "         7.90043336e-01, -1.74364610e+00, -3.55194608e-01,\n",
       "         1.65012177e+00,  5.67879135e-01, -2.00608017e+00,\n",
       "         5.16276127e-01,  1.53679633e-01,  4.86557103e-01,\n",
       "         2.58347666e-01,  4.41510205e-01,  1.42939042e-01,\n",
       "         6.34510625e-01,  4.71101699e+00, -2.57221415e-01,\n",
       "        -1.90048206e+00, -6.00981292e-02, -6.48380589e+00,\n",
       "        -1.52675812e-01, -4.60965792e-01,  3.34325035e-02],\n",
       "       [ 3.09331708e-01,  4.87910469e-01, -3.38424339e-01,\n",
       "         6.36787285e-02, -2.74278866e-02, -1.99236095e-01,\n",
       "         2.86280235e-01, -3.21705833e-01,  2.87317707e-01,\n",
       "         5.11759006e-02,  2.40918216e-01, -9.79388263e-02,\n",
       "         2.01037439e-01, -4.81449526e-03, -8.71329783e-02,\n",
       "         6.39588222e-02, -1.29212914e-01,  1.56983889e-02,\n",
       "        -5.38885002e-03,  3.43683081e-01, -1.65209696e-02,\n",
       "        -1.15220875e-01, -1.90531179e+00, -2.48503545e-01,\n",
       "        -1.80776316e-01, -6.87619723e-03, -1.75877772e-01,\n",
       "        -2.23108995e-02,  2.16221520e-01,  4.02945153e-02],\n",
       "       [ 1.79983946e+00, -3.38424339e-01,  2.63552090e+02,\n",
       "         1.43719286e+01,  4.70066011e+00, -9.92657282e-01,\n",
       "        -1.48866589e+02, -8.20550831e+00,  8.28491017e+00,\n",
       "        -1.42323979e+00, -6.94771248e+00, -1.58392032e+02,\n",
       "        -2.91583045e+00,  1.12173680e+01, -1.05020731e+01,\n",
       "         1.72707659e+00, -3.64542733e+00, -1.62752693e+01,\n",
       "        -6.64565783e+01, -8.80656874e+00,  1.01372018e+01,\n",
       "         1.12800361e+02,  1.84417020e+01,  4.10165585e+00,\n",
       "         4.02656031e+00, -3.06440048e-01,  1.41476344e-01,\n",
       "        -2.83054435e+00,  4.49844525e+00, -3.52921278e-01],\n",
       "       [ 1.62653641e+00,  6.36787285e-02,  1.43719286e+01,\n",
       "         3.46222187e+01,  5.47330388e-01, -1.88943769e-01,\n",
       "        -5.96718645e-01,  1.32847385e+00,  1.45899514e+00,\n",
       "        -1.48239988e+00,  3.33063807e+01, -5.78325936e+01,\n",
       "        -1.15323685e+00,  9.54518707e-01, -1.01008867e+01,\n",
       "        -1.00809346e+00, -1.18091360e+00,  3.60614655e+00,\n",
