{
 "cells": [
  {
   "cell_type": "code",
   "execution_count": 40,
   "id": "15ac2084",
   "metadata": {},
   "outputs": [],
   "source": [
    "import numpy as np\n",
    "import pandas as pd\n",
    "from numpy import linalg as la\n",
    "import matplotlib.pyplot as plt\n",
    "import matplotlib.mlab as mlab\n",
    "import csv\n",
    "import io\n",
    "from mpl_toolkits import mplot3d \n",
    "#import necessary libraries\n"
   ]
  },
  {
   "cell_type": "code",
   "execution_count": 41,
   "id": "b85f5846",
   "metadata": {
    "scrolled": true
   },
   "outputs": [
    {
     "name": "stdout",
     "output_type": "stream",
     "text": [
      "           f1        f2        f3        f4        f5        f6        f7  \\\n",
      "0    1.102422 -2.071512  1.262645  0.983510  1.567087  3.280628  0.314317   \n",
      "1    1.836635 -0.353322  1.675175  1.907030 -0.826235 -0.486643 -0.044955   \n",
      "2    1.586206  0.455786  1.556726  1.557513  0.941382  1.052000  0.141253   \n",
      "3   -0.767260  0.253509 -0.584344 -0.763792  3.280667  3.399917  0.215399   \n",
      "4    1.756953 -1.150804  1.765033  1.824624  0.280125  0.538866  0.142264   \n",
      "..        ...       ...       ...       ...       ...       ...       ...   \n",
      "564  2.118368  0.720838  2.046860  2.341795  1.040926  0.218868  0.219612   \n",
      "565  1.711420  2.083301  1.605739  1.722326  0.102368 -0.017817  0.051267   \n",
      "566  0.706858  2.043775  0.670400  0.577445 -0.839745 -0.038646 -0.035501   \n",
      "567  1.845172  2.334403  1.969255  1.733693  1.524426  3.269267  0.400765   \n",
      "568 -1.808817  1.220718 -1.795793 -1.346604 -3.109349 -1.149741 -0.191394   \n",
      "\n",
      "           f8        f9       f10  ...       f22       f23       f24  \\\n",
      "0    2.530249  2.215566  2.253764  ... -1.358098  2.301575  1.995901   \n",
      "1    0.547662  0.001391 -0.867889  ... -0.368879  1.533776  1.885663   \n",
      "2    2.035440  0.938859 -0.397658  ... -0.023953  1.346291  1.453463   \n",
      "3    1.450431  2.864862  4.906602  ...  0.133866 -0.249720 -0.543582   \n",
      "4    1.427237 -0.009552 -0.561956  ... -1.465481  1.337363  1.218990   \n",
      "..        ...       ...       ...  ...       ...       ...       ...   \n",
      "564  2.318924 -0.312314 -0.930209  ...  0.117596  1.751022  2.009899   \n",
      "565  1.262558 -0.217473 -1.057681  ...  2.045599  1.420690  1.491959   \n",
      "566  0.105684 -0.808406 -0.894800  ...  1.373645  0.578492  0.429831   \n",
      "567  2.656528  2.135315  1.042778  ...  2.235958  2.301575  1.649440   \n",
      "568 -1.260710 -0.819349 -0.560539  ...  0.763518 -1.431475 -1.066947   \n",
      "\n",
      "          f25       f26       f27       f28       f29       f30  Class  \n",
      "0    1.306537  2.614365  0.673142  2.294058  2.748204  1.935312      1  \n",
      "1   -0.375282 -0.430066 -0.089487  1.086129 -0.243675  0.280943      1  \n",
      "2    0.526944  1.081980  0.249099  1.953282  1.151242  0.201214      1  \n",
      "3    3.391291  3.889975  0.632602  2.173873  6.040726  4.930672      1  \n",
      "4    0.220362 -0.313119  0.167371  0.728618 -0.867590 -0.396751      1  \n",
      "..        ...       ...       ...       ...       ...       ...    ...  \n",
      "564  0.378033 -0.273077  0.184722  1.627719 -1.358963 -0.708467      1  \n",
      "565 -0.690623 -0.394473  0.040077  0.733182 -0.531387 -0.973122      1  \n",
      "566 -0.808876  0.350427  0.070563  0.413705 -1.103578 -0.318129      1  \n",
      "567  1.429169  3.901415  1.040916  2.287972  1.917396  2.217684      1  \n",
      "568 -1.857384 -1.206491 -0.481261 -1.743529 -0.048096 -0.750546      0  \n",
      "\n",
      "[569 rows x 31 columns]\n"
     ]
    }
   ],
   "source": [
    "data1=pd.read_csv(\"gg.csv\") #and print the dataset given\n",
    "data1.isnull().sum()\n",
    "data1=data1.fillna(value = data1['radius_mean' ].mean())\n",
    "data1=data1.fillna(value = data1['perimeter_mean' ].mean())\n",
    "data1=data1.fillna(value = data1['concavity_mean' ].mean())\n",
    "data1=data1.fillna(value = data1['compactness_se' ].mean())\n",
    "data1=data1.fillna(value = data1['area_worst' ].mean())\n",
    "data1=data1.fillna(value = data1['concavity_worst' ].mean())\n",
    "data1.columns=[\"ID\",\"Class\",\"f1\",\"f2\",\"f3\",\"f4\",\"f5\",\"f6\",\"f7\",\"f8\",\"f9\",\"f10\",\"f11\",\"f12\",\"f13\",\"f14\",\"f15\",\"f16\",\"f17\",\"f18\",\"f19\",\"f20\",\"f21\",\"f22\",\"f23\",\"f24\",\"f25\",\"f26\",\"f27\",\"f28\",\"f29\",\"f30\"]\n",
    "data1.pop(\"ID\")\n",
    "df = data1['Class']\n",
    "data1.pop(\"Class\")\n",
    "data1=(data1-data1.mean())/data1.std()\n",
    "data1.insert(30, 'Class',df, True)\n",
    "print(data1)"
   ]
  },
  {
   "cell_type": "code",
   "execution_count": 42,
   "id": "3658bd01",
   "metadata": {},
   "outputs": [],
   "source": [
    "def norm_pdf(x, loc=0, scale=1):\n",
    "    \"\"\"PDF for the normal distribution.\"\"\"\n",
    "    z = (x - loc) / scale\n",
    "    pdf = np.exp(-0.5 * z ** 2) / (np.sqrt(2 * np.pi) * scale)\n",
    "    return pdf"
   ]
  },
  {
   "cell_type": "code",
   "execution_count": 43,
   "id": "08aa9bc8",
   "metadata": {},
   "outputs": [
    {
     "data": {
      "text/html": [
       "<div>\n",
       "<style scoped>\n",
       "    .dataframe tbody tr th:only-of-type {\n",
       "        vertical-align: middle;\n",
       "    }\n",
       "\n",
       "    .dataframe tbody tr th {\n",
       "        vertical-align: top;\n",
       "    }\n",
       "\n",
       "    .dataframe thead th {\n",
       "        text-align: right;\n",
       "    }\n",
       "</style>\n",
       "<table border=\"1\" class=\"dataframe\">\n",
       "  <thead>\n",
       "    <tr style=\"text-align: right;\">\n",
       "      <th></th>\n",
       "      <th>f1</th>\n",
       "      <th>f2</th>\n",
       "      <th>f3</th>\n",
       "      <th>f4</th>\n",
       "      <th>f5</th>\n",
       "      <th>f6</th>\n",
       "      <th>f7</th>\n",
       "      <th>f8</th>\n",
       "      <th>f9</th>\n",
       "      <th>f10</th>\n",
       "      <th>...</th>\n",
       "      <th>f21</th>\n",
       "      <th>f22</th>\n",
       "      <th>f23</th>\n",
       "      <th>f24</th>\n",
       "      <th>f25</th>\n",
       "      <th>f26</th>\n",
       "      <th>f27</th>\n",
       "      <th>f28</th>\n",
       "      <th>f29</th>\n",
       "      <th>f30</th>\n",
       "    </tr>\n",
       "    <tr>\n",
       "      <th>Class</th>\n",
       "      <th></th>\n",
       "      <th></th>\n",
       "      <th></th>\n",
       "      <th></th>\n",
       "      <th></th>\n",
       "      <th></th>\n",
       "      <th></th>\n",
       "      <th></th>\n",
       "      <th></th>\n",
       "      <th></th>\n",
       "      <th></th>\n",
       "      <th></th>\n",
       "      <th></th>\n",
       "      <th></th>\n",
       "      <th></th>\n",
       "      <th></th>\n",
       "      <th></th>\n",
       "      <th></th>\n",
       "      <th></th>\n",
       "      <th></th>\n",
       "      <th></th>\n",
       "    </tr>\n",
       "  </thead>\n",
       "  <tbody>\n",
       "    <tr>\n",
       "      <th>0.0</th>\n",
       "      <td>-0.530553</td>\n",
       "      <td>-0.266366</td>\n",
       "      <td>-0.544263</td>\n",
       "      <td>-0.521492</td>\n",
       "      <td>-0.277416</td>\n",
       "      <td>-0.474092</td>\n",
       "      <td>-0.013863</td>\n",
       "      <td>-0.589890</td>\n",
       "      <td>-0.305748</td>\n",
       "      <td>-0.044784</td>\n",
       "      <td>...</td>\n",
       "      <td>-0.574346</td>\n",
       "      <td>-0.299399</td>\n",
       "      <td>-0.581233</td>\n",
       "      <td>-0.545668</td>\n",
       "      <td>-0.324995</td>\n",
       "      <td>-0.465710</td>\n",
       "      <td>-0.116373</td>\n",
       "      <td>-0.598524</td>\n",
       "      <td>-0.351547</td>\n",
       "      <td>-0.270774</td>\n",
       "    </tr>\n",
       "    <tr>\n",
       "      <th>1.0</th>\n",
       "      <td>1.058605</td>\n",
       "      <td>0.533946</td>\n",
       "      <td>1.064294</td>\n",
       "      <td>1.031728</td>\n",
       "      <td>0.422094</td>\n",
       "      <td>0.801809</td>\n",
       "      <td>0.087911</td>\n",
       "      <td>1.091135</td>\n",
       "      <td>0.403677</td>\n",
       "      <td>-0.045618</td>\n",
       "      <td>...</td>\n",
       "      <td>1.078002</td>\n",
       "      <td>0.508805</td>\n",
       "      <td>1.087981</td>\n",
       "      <td>1.015925</td>\n",
       "      <td>0.434904</td>\n",
       "      <td>0.686825</td>\n",
       "      <td>0.237162</td>\n",
       "      <td>1.036371</td>\n",
       "      <td>0.447748</td>\n",
       "      <td>0.307629</td>\n",
       "    </tr>\n",
       "  </tbody>\n",
       "</table>\n",
       "<p>2 rows × 30 columns</p>\n",
       "</div>"
      ],
      "text/plain": [
       "             f1        f2        f3        f4        f5        f6        f7  \\\n",
       "Class                                                                         \n",
       "0.0   -0.530553 -0.266366 -0.544263 -0.521492 -0.277416 -0.474092 -0.013863   \n",
       "1.0    1.058605  0.533946  1.064294  1.031728  0.422094  0.801809  0.087911   \n",
       "\n",
       "             f8        f9       f10  ...       f21       f22       f23  \\\n",
       "Class                                ...                                 \n",
       "0.0   -0.589890 -0.305748 -0.044784  ... -0.574346 -0.299399 -0.581233   \n",
       "1.0    1.091135  0.403677 -0.045618  ...  1.078002  0.508805  1.087981   \n",
       "\n",
       "            f24       f25       f26       f27       f28       f29       f30  \n",
       "Class                                                                        \n",
       "0.0   -0.545668 -0.324995 -0.465710 -0.116373 -0.598524 -0.351547 -0.270774  \n",
       "1.0    1.015925  0.434904  0.686825  0.237162  1.036371  0.447748  0.307629  \n",
       "\n",
       "[2 rows x 30 columns]"
      ]
     },
     "execution_count": 43,
     "metadata": {},
     "output_type": "execute_result"
    }
   ],
   "source": [
    "dataset = np.array(data1)\n",
    "np.random.shuffle(dataset) #shuffling to avoid bias\n",
    "size_train=int(dataset.shape[0]*0.67)  #Training data size 70% of total\n",
    "size_test=int(dataset.shape[0]-size_train) #Testing data size 30% of total\n",
    "train_data = dataset[:size_train,:]\n",
    "test_data = dataset[size_test:,:]\n",
    "train_data = pd.DataFrame(train_data,columns =[\"f1\",\"f2\",\"f3\",\"f4\",\"f5\",\"f6\",\"f7\",\"f8\",\"f9\",\"f10\",\"f11\",\"f12\",\"f13\",\"f14\",\"f15\",\"f16\",\"f17\",\"f18\",\"f19\",\"f20\",\"f21\",\"f22\",\"f23\",\"f24\",\"f25\",\"f26\",\"f27\",\"f28\",\"f29\",\"f30\",\"Class\"])\n",
    "test_data = pd.DataFrame(test_data,columns =[\"f1\",\"f2\",\"f3\",\"f4\",\"f5\",\"f6\",\"f7\",\"f8\",\"f9\",\"f10\",\"f11\",\"f12\",\"f13\",\"f14\",\"f15\",\"f16\",\"f17\",\"f18\",\"f19\",\"f20\",\"f21\",\"f22\",\"f23\",\"f24\",\"f25\",\"f26\",\"f27\",\"f28\",\"f29\",\"f30\",\"Class\"])\n",
    "mean1 = train_data.groupby(\"Class\").mean()   #classifying into two classes and finding the mean\n",
    "mean1"
   ]
  },
  {
   "cell_type": "code",
   "execution_count": 44,
   "id": "d92e2286",
   "metadata": {},
   "outputs": [
    {
     "data": {
      "text/plain": [
       "f1    -1.589158\n",
       "f2    -0.800312\n",
       "f3    -1.608557\n",
       "f4    -1.553220\n",
       "f5    -0.699510\n",
       "f6    -1.275901\n",
       "f7    -0.101775\n",
       "f8    -1.681026\n",
       "f9    -0.709425\n",
       "f10    0.000833\n",
       "f11   -1.295762\n",
       "f12    0.010572\n",
       "f13   -1.283152\n",
       "f14   -1.220516\n",
       "f15    0.046366\n",
       "f16    0.079198\n",
       "f17   -0.579517\n",
       "f18   -0.926290\n",
       "f19   -0.117623\n",
       "f20   -0.228970\n",
       "f21   -1.652348\n",
       "f22   -0.808203\n",
       "f23   -1.669214\n",
       "f24   -1.561593\n",
       "f25   -0.759899\n",
       "f26   -1.152536\n",
       "f27   -0.353535\n",
       "f28   -1.634895\n",
       "f29   -0.799295\n",
       "f30   -0.578403\n",
       "dtype: float64"
      ]
     },
     "execution_count": 44,
     "metadata": {},
     "output_type": "execute_result"
    }
   ],
   "source": [
    "mean_vector = mean1.iloc[0]-mean1.iloc[1]\n",
    "mean_vector"
   ]
  },
  {
   "cell_type": "code",
   "execution_count": 45,
   "id": "4e1215d6",
   "metadata": {},
   "outputs": [
    {
     "name": "stdout",
     "output_type": "stream",
     "text": [
      "141\n",
      "240\n",
      "[[-0.6647837  -0.11768566 -0.61445518 ...  0.46659998 -0.28248442\n",
      "   0.84700669]\n",
      " [-0.16107957  0.89137361 -0.22643219 ... -0.13432187 -1.09551269\n",
      "  -0.55710298]\n",
      " [-0.58510169  0.30779325 -0.50009051 ...  0.31446787  0.1555487\n",
      "   1.97649553]\n",
      " ...\n",
      " [-1.10303476 -1.05466926 -1.08294187 ... -0.68960408 -0.17742113\n",
      "  -0.54990525]\n",
      " [-1.02050696  0.03111571 -0.99308392 ... -0.57854764  0.66793431\n",
      "   0.65875854]\n",
      " [-0.06716862  0.40544415  0.04314167 ...  0.25665767 -1.41716801\n",
      "   1.82146765]]\n",
      "[[-0.17979084  0.00837008 -0.08909486 ...  1.00918606 -0.03760054\n",
      "   0.75546793]\n",
      " [ 0.45481946 -0.21715699  0.4034901  ... -0.36852236 -0.51604262\n",
      "  -0.40059712]\n",
      " [ 0.40074953 -0.69611139  0.39654653 ...  0.45846781  1.13749201\n",
      "   0.95921886]\n",
      " ...\n",
      " [-0.29931385  2.61006897 -0.3223171  ... -1.14500467 -1.80589661\n",
      "  -1.10763499]\n",
      " [-0.5952756   0.33619809 -0.56493357 ... -0.80544579 -0.68091117\n",
      "  -0.64421236]\n",
      " [ 0.14747456  0.75935197  0.14126825 ... -0.41887809 -0.81506892\n",
      "  -0.5727888 ]]\n"
     ]
    }
   ],
   "source": [
    "points = train_data.groupby('Class')\n",
    "positive_points = points.get_group(1)  #positive as class 1\n",
    "negative_points = points.get_group(0)  #negative as class 0\n",
    "del positive_points['Class']\n",
    "del negative_points['Class']\n",
    "pos_diff = positive_points - mean1.iloc[1]  #(xn-M1)  M1 is mean vector for all points of class 1\n",
    "neg_diff = negative_points - mean1.iloc[0]  #(xn-M2)  M2 is mean vector for all points of class 0\n",
    "pos_diff = pos_diff.values\n",
    "neg_diff = neg_diff.values\n",
    "N1 = len(positive_points)\n",
    "N2 = len(negative_points)\n",
    "print(N1)\n",
    "print(N2)\n",
    "print(pos_diff)\n",
    "print(neg_diff)"
   ]
  },
  {
   "cell_type": "code",
   "execution_count": 46,
   "id": "988a8bc3",
   "metadata": {},
   "outputs": [
    {
     "data": {
      "text/plain": [
       "array([[ 1.09085256e+00,  5.78699465e-02,  1.06355842e+00,\n",
       "         1.14577969e+00, -8.93139995e-02,  2.37611846e-01,\n",
       "         9.99139577e-02,  6.74815033e-01, -1.46433412e-01,\n",
       "        -5.50221787e-01,  6.65207776e-01, -8.90095925e-02,\n",
       "         6.73681612e-01,  8.13562473e-01, -2.35567434e-01,\n",
       "         4.83650273e-02,  2.47442024e-02,  1.41401537e-01,\n",
       "        -1.84059127e-01, -1.43102650e-01,  9.23847884e-01,\n",
       "        -7.13712413e-02,  9.01567342e-01,  9.56803909e-01,\n",
       "        -3.36072937e-01,  1.89172857e-03,  7.22612571e-02,\n",
       "         3.88222263e-01, -3.47510279e-01, -4.11066067e-01],\n",
       "       [ 5.78699465e-02,  1.65556814e+00,  5.75242727e-02,\n",
       "         5.12117471e-02, -2.62014384e-01,  7.95273019e-04,\n",
       "        -3.65569387e-02, -1.84809680e-02, -1.39616177e-01,\n",
       "        -1.27711575e-01, -2.13946547e-02,  7.89382048e-01,\n",
       "         1.19619407e-02, -6.25799985e-02,  1.00100270e-01,\n",
       "        -1.11356393e-01,  4.62631374e-02,  1.65002287e-03,\n",
       "        -8.56539962e-02,  4.94953613e-02,  3.29697543e-02,\n",
       "         1.41108396e+00,  3.42403113e-02,  1.32037848e-02,\n",
       "        -1.65383883e-01,  4.92945090e-02, -2.45976265e-02,\n",
       "        -5.03170822e-02, -2.03281364e-01, -3.57366100e-02],\n",
       "       [ 1.06355842e+00,  5.75242727e-02,  1.06297234e+00,\n",
       "         1.11793585e+00, -1.21440702e-02,  3.52028111e-01,\n",
       "         1.07449233e-01,  7.22309843e-01, -5.93539471e-02,\n",
       "        -4.25069017e-01,  6.72731023e-01, -6.14400424e-02,\n",
       "         7.00277776e-01,  8.11203424e-01, -1.87872896e-01,\n",
       "         5.13258665e-02,  9.60397734e-02,  2.00603048e-01,\n",
       "        -1.18248362e-01, -6.49147470e-02,  8.98358936e-01,\n",
       "        -7.38357489e-02,  8.90719396e-01,  9.30115038e-01,\n",
       "        -2.75328903e-01,  9.01485484e-02,  9.31145543e-02,\n",
       "         4.30352030e-01, -2.88814256e-01, -3.18843007e-01],\n",
       "       [ 1.14577969e+00,  5.12117471e-02,  1.11793585e+00,\n",
       "         1.25243562e+00, -5.77354590e-02,  2.55203849e-01,\n",
       "         9.78741869e-02,  7.40169460e-01, -1.46892549e-01,\n",
       "        -5.19899641e-01,  8.12900706e-01, -4.83129322e-02,\n",
       "         8.18535858e-01,  9.82820375e-01, -1.46637079e-01,\n",
       "         3.58433235e-02,  5.85899003e-02,  1.43274354e-01,\n",
       "        -1.25802266e-01, -1.02137419e-01,  9.77650847e-01,\n",
       "        -8.83012559e-02,  9.55485661e-01,  1.05390153e+00,\n",
       "        -3.21967309e-01, -1.64690066e-02,  6.24472003e-02,\n",
       "         3.96260033e-01, -3.81591140e-01, -4.14677891e-01],\n",
       "       [-8.93139995e-02, -2.62014384e-01, -1.21440702e-02,\n",
       "        -5.77354590e-02,  1.61263895e+00,  9.54467615e-01,\n",
       "         9.81806927e-02,  6.74192303e-01,  9.11884136e-01,\n",
       "         1.15455815e+00,  3.14581217e-01,  2.56228593e-01,\n",
       "         3.17820883e-01,  2.24727305e-01,  6.82176116e-01,\n",
       "         2.43791786e-01,  4.18385596e-01,  4.70429976e-01,\n",
       "         5.41147303e-01,  5.10767369e-01, -4.26494452e-02,\n",
       "        -1.91147455e-01,  1.51577158e-02, -2.71493944e-02,\n",
       "         1.19958843e+00,  5.76001973e-01,  1.66489772e-01,\n",
       "         4.92784360e-01,  5.63972025e-01,  7.28271412e-01],\n",
       "       [ 2.37611846e-01,  7.95273019e-04,  3.52028111e-01,\n",
       "         2.55203849e-01,  9.54467615e-01,  1.56405079e+00,\n",
       "         1.46599580e-01,  9.56300803e-01,  1.03580276e+00,\n",
       "         1.30006844e+00,  4.53599908e-01,  1.97206985e-01,\n",
       "         6.16727133e-01,  3.71695419e-01,  4.04598008e-01,\n",
       "         7.10535701e-02,  8.94001610e-01,  8.52553309e-01,\n",
       "         6.86475564e-01,  9.29554985e-01,  2.34213451e-01,\n",
       "        -7.34112383e-02,  3.68381195e-01,  2.34529746e-01,\n",
       "         6.57132967e-01,  1.16395385e+00,  3.08242824e-01,\n",
       "         8.04948734e-01,  6.76081338e-01,  1.04163472e+00],\n",
       "       [ 9.99139577e-02, -3.65569387e-02,  1.07449233e-01,\n",
       "         9.78741869e-02,  9.81806927e-02,  1.46599580e-01,\n",
       "         2.35544202e+00,  1.13841633e-01,  6.56087236e-02,\n",
       "         1.01606451e-01,  5.58035224e-02, -1.00134566e-01,\n",
       "         6.51593050e-02,  7.09707667e-02, -4.90467855e-02,\n",
       "         1.15245094e-03,  8.93985050e-02,  3.45712480e-02,\n",
       "        -3.97598629e-02,  4.53004744e-02,  9.84656532e-02,\n",
       "        -6.85565851e-02,  1.03568083e-01,  9.11562774e-02,\n",
       "         5.87008201e-02,  9.09185533e-02,  2.26825897e+00,\n",
       "         1.13524320e-01,  6.44063703e-02,  7.86848790e-02],\n",
       "       [ 6.74815033e-01, -1.84809680e-02,  7.22309843e-01,\n",
       "         7.40169460e-01,  6.74192303e-01,  9.56300803e-01,\n",
       "         1.13841633e-01,  1.04134851e+00,  5.83954662e-01,\n",
       "         4.74534683e-01,  6.91403011e-01,  1.70442189e-01,\n",
       "         7.50434263e-01,  6.94226497e-01,  2.54113217e-01,\n",
       "         1.21644711e-01,  5.42243882e-01,  6.27470962e-01,\n",
       "         3.57210618e-01,  4.54745781e-01,  5.87774870e-01,\n",
       "        -1.25735343e-01,  6.41869466e-01,  6.28342981e-01,\n",
       "         2.82972397e-01,  5.14659778e-01,  1.67198950e-01,\n",
       "         6.92992363e-01,  1.66575069e-01,  2.82569368e-01],\n",
       "       [-1.46433412e-01, -1.39616177e-01, -5.93539471e-02,\n",
       "        -1.46892549e-01,  9.11884136e-01,  1.03580276e+00,\n",
       "         6.56087236e-02,  5.83954662e-01,  1.99731596e+00,\n",
       "         1.11302074e+00,  2.77663838e-01,  2.91159367e-01,\n",
       "         3.29122426e-01,  1.22130231e-01,  3.37906255e-01,\n",
       "         1.12274732e-01,  6.44532558e-01,  6.33764261e-01,\n",
       "         1.15746916e+00,  6.67959381e-01, -9.08118453e-02,\n",
       "        -1.33794942e-01, -7.75486501e-03, -9.51919973e-02,\n",
       "         5.94408702e-01,  6.93519757e-01,  1.63633900e-01,\n",
       "         4.85990628e-01,  1.40695370e+00,  7.67320911e-01],\n",
       "       [-5.50221787e-01, -1.27711575e-01, -4.25069017e-01,\n",
       "        -5.19899641e-01,  1.15455815e+00,  1.30006844e+00,\n",
       "         1.01606451e-01,  4.74534683e-01,  1.11302074e+00,\n",
       "         2.03158158e+00,  8.74264308e-02,  3.32622259e-01,\n",
       "         2.05571967e-01, -1.06747594e-01,  6.39173515e-01,\n",
       "         6.41572302e-02,  9.26801512e-01,  7.35424460e-01,\n",
       "         8.45116977e-01,  1.29225532e+00, -4.14747741e-01,\n",
       "        -8.95980175e-02, -2.92631955e-01, -4.00379726e-01,\n",
       "         9.85168518e-01,  1.02987634e+00,  2.59724476e-01,\n",
       "         4.77160895e-01,  8.76350158e-01,  1.53001249e+00],\n",
       "       [ 6.65207776e-01, -2.13946547e-02,  6.72731023e-01,\n",
       "         8.12900706e-01,  3.14581217e-01,  4.53599908e-01,\n",
       "         5.58035224e-02,  6.91403011e-01,  2.77663838e-01,\n",
       "         8.74264308e-02,  1.68057284e+00,  4.93591187e-01,\n",
       "         1.63832859e+00,  1.55220666e+00,  5.05945409e-01,\n",
       "         1.06116579e-01,  4.61952935e-01,  6.41779738e-01,\n",
       "         6.05234027e-01,  4.05003670e-01,  6.26735745e-01,\n",
       "        -2.52318145e-01,  6.25691990e-01,  7.26035604e-01,\n",
       "        -2.03657808e-01, -6.40225790e-02, -1.35609482e-02,\n",
       "         2.27346566e-01, -3.29026249e-01, -2.38917781e-01],\n",
       "       [-8.90095925e-02,  7.89382048e-01, -6.14400424e-02,\n",
       "        -4.83129322e-02,  2.56228593e-01,  1.97206985e-01,\n",
       "        -1.00134566e-01,  1.70442189e-01,  2.91159367e-01,\n",
       "         3.32622259e-01,  4.93591187e-01,  1.95286726e+00,\n",
       "         5.64702634e-01,  2.97511693e-01,  8.31361095e-01,\n",
       "         2.67584054e-01,  4.87499584e-01,  6.61963985e-01,\n",
       "         7.57465385e-01,  5.99085522e-01, -1.71605844e-01,\n",
       "         8.14792182e-01, -1.41814744e-01, -1.45910668e-01,\n",
       "        -1.02113775e-01, -1.95176517e-01, -1.65641641e-01,\n",
       "        -1.58979587e-01, -2.74707981e-01, -1.33047544e-01],\n",
       "       [ 6.73681612e-01,  1.19619407e-02,  7.00277776e-01,\n",
       "         8.18535858e-01,  3.17820883e-01,  6.16727133e-01,\n",
       "         6.51593050e-02,  7.50434263e-01,  3.29122426e-01,\n",
       "         2.05571967e-01,  1.63832859e+00,  5.64702634e-01,\n",
       "         1.74428031e+00,  1.53741248e+00,  4.79625531e-01,\n",
       "         1.19741712e-01,  5.21246073e-01,  7.69812354e-01,\n",
       "         7.02084691e-01,  4.78613697e-01,  5.95779510e-01,\n",
       "        -2.25461113e-01,  6.45096300e-01,  6.85756315e-01,\n",
       "        -2.30475444e-01,  6.66144912e-02,  1.07472663e-02,\n",
       "         2.88148342e-01, -2.93345492e-01, -1.55168984e-01],\n",
       "       [ 8.13562473e-01, -6.25799985e-02,  8.11203424e-01,\n",
       "         9.82820375e-01,  2.24727305e-01,  3.71695419e-01,\n",
       "         7.09707667e-02,  6.94226497e-01,  1.22130231e-01,\n",
       "        -1.06747594e-01,  1.55220666e+00,  2.97511693e-01,\n",
       "         1.53741248e+00,  1.60966167e+00,  3.56064800e-01,\n",
       "         5.91224378e-02,  3.07245414e-01,  3.99640866e-01,\n",
       "         4.15568665e-01,  2.24009407e-01,  7.29886054e-01,\n",
       "        -2.50911549e-01,  7.24556671e-01,  8.53151836e-01,\n",
       "        -2.17991001e-01, -7.15996544e-02,  3.53467114e-03,\n",
       "         2.48169711e-01, -3.74042246e-01, -3.03186878e-01],\n",
       "       [-2.35567434e-01,  1.00100270e-01, -1.87872896e-01,\n",
       "        -1.46637079e-01,  6.82176116e-01,  4.04598008e-01,\n",
       "        -4.90467855e-02,  2.54113217e-01,  3.37906255e-01,\n",
       "         6.39173515e-01,  5.05945409e-01,  8.31361095e-01,\n",
       "         4.79625531e-01,  3.56064800e-01,  2.07054360e+00,\n",
       "         1.23222180e-01,  7.85510764e-01,  9.34448382e-01,\n",
       "         8.49868479e-01,  8.38446480e-01, -3.06697839e-01,\n",
       "        -9.93653198e-02, -2.70000275e-01, -2.41302664e-01,\n",
       "         5.52564696e-01, -5.01534312e-03, -8.65729921e-02,\n",
       "        -2.97320238e-02, -2.19676299e-01,  1.03607801e-01],\n",
       "       [ 4.83650273e-02, -1.11356393e-01,  5.13258665e-02,\n",
       "         3.58433235e-02,  2.43791786e-01,  7.10535701e-02,\n",
       "         1.15245094e-03,  1.21644711e-01,  1.12274732e-01,\n",
       "         6.41572302e-02,  1.06116579e-01,  2.67584054e-01,\n",
       "         1.19741712e-01,  5.91224378e-02,  1.23222180e-01,\n",
       "         2.36185382e+00,  1.13390879e-01,  3.37245602e-01,\n",
       "        -1.18832793e-02,  1.16452921e-01,  2.20228026e-02,\n",
       "        -1.39039029e-01,  2.25785199e-02,  1.40813892e-02,\n",
       "         6.99320910e-02,  4.70329848e-04, -4.73377997e-03,\n",
       "         5.53747271e-02, -7.48329408e-02, -9.27416549e-03],\n",
       "       [ 2.47442024e-02,  4.62631374e-02,  9.60397734e-02,\n",
       "         5.85899003e-02,  4.18385596e-01,  8.94001610e-01,\n",
       "         8.93985050e-02,  5.42243882e-01,  6.44532558e-01,\n",
       "         9.26801512e-01,  4.61952935e-01,  4.87499584e-01,\n",
       "         5.21246073e-01,  3.07245414e-01,  7.85510764e-01,\n",
       "         1.13390879e-01,  1.97228893e+00,  1.42420664e+00,\n",
       "         8.04115221e-01,  1.37811954e+00, -4.20808932e-02,\n",
       "        -1.13463843e-01,  3.94117930e-02, -2.68542696e-02,\n",
       "         1.39976627e-01,  6.00215480e-01,  2.72182001e-01,\n",
       "         4.58614574e-01,  2.06078269e-01,  6.10838129e-01],\n",
       "       [ 1.41401537e-01,  1.65002287e-03,  2.00603048e-01,\n",
       "         1.43274354e-01,  4.70429976e-01,  8.52553309e-01,\n",
       "         3.45712480e-02,  6.27470962e-01,  6.33764261e-01,\n",
       "         7.35424460e-01,  6.41779738e-01,  6.61963985e-01,\n",
       "         7.69812354e-01,  3.99640866e-01,  9.34448382e-01,\n",
       "         3.37245602e-01,  1.42420664e+00,  1.88064245e+00,\n",
       "         8.47176323e-01,  1.17253856e+00,  4.15853520e-02,\n",
       "        -2.43044654e-01,  1.18749939e-01,  3.35919003e-02,\n",
       "         1.85376088e-02,  3.91989839e-01,  1.00370566e-01,\n",
       "         5.39464643e-01, -3.15485252e-02,  2.96489252e-01],\n",
       "       [-1.84059127e-01, -8.56539962e-02, -1.18248362e-01,\n",
       "        -1.25802266e-01,  5.41147303e-01,  6.86475564e-01,\n",
       "        -3.97598629e-02,  3.57210618e-01,  1.15746916e+00,\n",
       "         8.45116977e-01,  6.05234027e-01,  7.57465385e-01,\n",
       "         7.02084691e-01,  4.15568665e-01,  8.49868479e-01,\n",
       "        -1.18832793e-02,  8.04115221e-01,  8.47176323e-01,\n",
       "         2.38440905e+00,  7.45582274e-01, -2.69541963e-01,\n",
       "        -2.57539486e-01, -2.04472153e-01, -2.50112150e-01,\n",
       "         2.61243178e-02,  1.92354010e-01, -5.17998121e-02,\n",
       "         6.69024580e-02,  1.09660914e+00,  2.06695195e-01],\n",
       "       [-1.43102650e-01,  4.94953613e-02, -6.49147470e-02,\n",
       "        -1.02137419e-01,  5.10767369e-01,  9.29554985e-01,\n",
       "         4.53004744e-02,  4.54745781e-01,  6.67959381e-01,\n",
       "         1.29225532e+00,  4.05003670e-01,  5.99085522e-01,\n",
       "         4.78613697e-01,  2.24009407e-01,  8.38446480e-01,\n",
       "         1.16452921e-01,  1.37811954e+00,  1.17253856e+00,\n",
       "         7.45582274e-01,  1.74916866e+00, -1.56789311e-01,\n",
       "        -1.01579746e-01, -7.29218726e-02, -1.29600505e-01,\n",
       "         2.39209232e-01,  6.39705886e-01,  1.48608036e-01,\n",
       "         3.29358515e-01,  1.88311361e-01,  9.95196339e-01],\n",
       "       [ 9.23847884e-01,  3.29697543e-02,  8.98358936e-01,\n",
       "         9.77650847e-01, -4.26494452e-02,  2.34213451e-01,\n",
       "         9.84656532e-02,  5.87774870e-01, -9.08118453e-02,\n",
       "        -4.14747741e-01,  6.26735745e-01, -1.71605844e-01,\n",
       "         5.95779510e-01,  7.29886054e-01, -3.06697839e-01,\n",
       "         2.20228026e-02, -4.20808932e-02,  4.15853520e-02,\n",
       "        -2.69541963e-01, -1.56789311e-01,  8.96848505e-01,\n",
       "        -6.91741320e-03,  8.67026367e-01,  9.46014468e-01,\n",
       "        -1.56130996e-01,  9.40224685e-02,  9.47741098e-02,\n",
       "         4.12585313e-01, -1.74551793e-01, -2.28099780e-01],\n",
       "       [-7.13712413e-02,  1.41108396e+00, -7.38357489e-02,\n",
       "        -8.83012559e-02, -1.91147455e-01, -7.34112383e-02,\n",
       "        -6.85565851e-02, -1.25735343e-01, -1.33794942e-01,\n",
       "        -8.95980175e-02, -2.52318145e-01,  8.14792182e-01,\n",
       "        -2.25461113e-01, -2.50911549e-01, -9.93653198e-02,\n",
       "        -1.39039029e-01, -1.13463843e-01, -2.43044654e-01,\n",
       "        -2.57539486e-01, -1.01579746e-01, -6.91741320e-03,\n",
       "         1.53146792e+00, -8.33652885e-03, -2.58299783e-02,\n",
       "         1.04590729e-01,  1.08038716e-01, -2.84521229e-02,\n",
       "        -1.17977545e-02,  3.18810040e-02,  1.02811433e-01],\n",
       "       [ 9.01567342e-01,  3.42403113e-02,  8.90719396e-01,\n",
       "         9.55485661e-01,  1.51577158e-02,  3.68381195e-01,\n",
       "         1.03568083e-01,  6.41869466e-01, -7.75486501e-03,\n",
       "        -2.92631955e-01,  6.25691990e-01, -1.41814744e-01,\n",
       "         6.45096300e-01,  7.24556671e-01, -2.70000275e-01,\n",
       "         2.25785199e-02,  3.94117930e-02,  1.18749939e-01,\n",
       "        -2.04472153e-01, -7.29218726e-02,  8.67026367e-01,\n",
       "        -8.33652885e-03,  8.69188843e-01,  9.14859624e-01,\n",
       "        -1.16117003e-01,  2.08966842e-01,  1.16983413e-01,\n",
       "         4.61580415e-01, -1.18962090e-01, -1.28872696e-01],\n",
       "       [ 9.56803909e-01,  1.32037848e-02,  9.30115038e-01,\n",
       "         1.05390153e+00, -2.71493944e-02,  2.34529746e-01,\n",
       "         9.11562774e-02,  6.28342981e-01, -9.51919973e-02,\n",
       "        -4.00379726e-01,  7.26035604e-01, -1.45910668e-01,\n",
       "         6.85756315e-01,  8.53151836e-01, -2.41302664e-01,\n",
       "         1.40813892e-02, -2.68542696e-02,  3.35919003e-02,\n",
       "        -2.50112150e-01, -1.29600505e-01,  9.46014468e-01,\n",
       "        -2.58299783e-02,  9.14859624e-01,  1.05099012e+00,\n",
       "        -1.47299920e-01,  7.40129114e-02,  8.08296104e-02,\n",
       "         4.12075140e-01, -2.08427635e-01, -2.35863267e-01],\n",
       "       [-3.36072937e-01, -1.65383883e-01, -2.75328903e-01,\n",
       "        -3.21967309e-01,  1.19958843e+00,  6.57132967e-01,\n",
       "         5.87008201e-02,  2.82972397e-01,  5.94408702e-01,\n",
       "         9.85168518e-01, -2.03657808e-01, -1.02113775e-01,\n",
       "        -2.30475444e-01, -2.17991001e-01,  5.52564696e-01,\n",
       "         6.99320910e-02,  1.39976627e-01,  1.85376088e-02,\n",
       "         2.61243178e-02,  2.39209232e-01, -1.56130996e-01,\n",
       "         1.04590729e-01, -1.16117003e-01, -1.47299920e-01,\n",
       "         1.57324407e+00,  7.10793992e-01,  1.95184675e-01,\n",
       "         4.67613835e-01,  7.40881139e-01,  9.67702952e-01],\n",
       "       [ 1.89172857e-03,  4.92945090e-02,  9.01485484e-02,\n",
       "        -1.64690066e-02,  5.76001973e-01,  1.16395385e+00,\n",
       "         9.09185533e-02,  5.14659778e-01,  6.93519757e-01,\n",
       "         1.02987634e+00, -6.40225790e-02, -1.95176517e-01,\n",
       "         6.66144912e-02, -7.15996544e-02, -5.01534312e-03,\n",
       "         4.70329848e-04,  6.00215480e-01,  3.91989839e-01,\n",
       "         1.92354010e-01,  6.39705886e-01,  9.40224685e-02,\n",
       "         1.08038716e-01,  2.08966842e-01,  7.40129114e-02,\n",
       "         7.10793992e-01,  1.32144869e+00,  3.23503543e-01,\n",
       "         7.11085340e-01,  8.13214485e-01,  1.23251104e+00],\n",
       "       [ 7.22612571e-02, -2.45976265e-02,  9.31145543e-02,\n",
       "         6.24472003e-02,  1.66489772e-01,  3.08242824e-01,\n",
       "         2.26825897e+00,  1.67198950e-01,  1.63633900e-01,\n",
       "         2.59724476e-01, -1.35609482e-02, -1.65641641e-01,\n",
       "         1.07472663e-02,  3.53467114e-03, -8.65729921e-02,\n",
       "        -4.73377997e-03,  2.72182001e-01,  1.00370566e-01,\n",
       "        -5.17998121e-02,  1.48608036e-01,  9.47741098e-02,\n",
       "        -2.84521229e-02,  1.16983413e-01,  8.08296104e-02,\n",
       "         1.95184675e-01,  3.23503543e-01,  2.25364423e+00,\n",
       "         2.44031950e-01,  2.16577959e-01,  3.11320770e-01],\n",
       "       [ 3.88222263e-01, -5.03170822e-02,  4.30352030e-01,\n",
       "         3.96260033e-01,  4.92784360e-01,  8.04948734e-01,\n",
       "         1.13524320e-01,  6.92992363e-01,  4.85990628e-01,\n",
       "         4.77160895e-01,  2.27346566e-01, -1.58979587e-01,\n",
       "         2.88148342e-01,  2.48169711e-01, -2.97320238e-02,\n",
       "         5.53747271e-02,  4.58614574e-01,  5.39464643e-01,\n",
       "         6.69024580e-02,  3.29358515e-01,  4.12585313e-01,\n",
       "        -1.17977545e-02,  4.61580415e-01,  4.12075140e-01,\n",
       "         4.67613835e-01,  7.11085340e-01,  2.44031950e-01,\n",
       "         7.85239989e-01,  4.36192360e-01,  5.56681596e-01],\n",
       "       [-3.47510279e-01, -2.03281364e-01, -2.88814256e-01,\n",
       "        -3.81591140e-01,  5.63972025e-01,  6.76081338e-01,\n",
       "         6.44063703e-02,  1.66575069e-01,  1.40695370e+00,\n",
       "         8.76350158e-01, -3.29026249e-01, -2.74707981e-01,\n",
       "        -2.93345492e-01, -3.74042246e-01, -2.19676299e-01,\n",
       "        -7.48329408e-02,  2.06078269e-01, -3.15485252e-02,\n",
       "         1.09660914e+00,  1.88311361e-01, -1.74551793e-01,\n",
       "         3.18810040e-02, -1.18962090e-01, -2.08427635e-01,\n",
       "         7.40881139e-01,  8.13214485e-01,  2.16577959e-01,\n",
       "         4.36192360e-01,  2.03028866e+00,  9.31013389e-01],\n",
       "       [-4.11066067e-01, -3.57366100e-02, -3.18843007e-01,\n",
       "        -4.14677891e-01,  7.28271412e-01,  1.04163472e+00,\n",
       "         7.86848790e-02,  2.82569368e-01,  7.67320911e-01,\n",
       "         1.53001249e+00, -2.38917781e-01, -1.33047544e-01,\n",
       "        -1.55168984e-01, -3.03186878e-01,  1.03607801e-01,\n",
       "        -9.27416549e-03,  6.10838129e-01,  2.96489252e-01,\n",
       "         2.06695195e-01,  9.95196339e-01, -2.28099780e-01,\n",
       "         1.02811433e-01, -1.28872696e-01, -2.35863267e-01,\n",
       "         9.67702952e-01,  1.23251104e+00,  3.11320770e-01,\n",
       "         5.56681596e-01,  9.31013389e-01,  1.71205098e+00]])"
      ]
     },
     "execution_count": 46,
     "metadata": {},
     "output_type": "execute_result"
    }
   ],
   "source": [
    "sum_pos=np.zeros((30,30))   #to find Sw matrix -> within covariance matrix\n",
    "sum_neg=np.zeros((30,30))\n",
    "\n",
    "for i in range(len(pos_diff)):\n",
    "  sum_pos= np.dot(pos_diff[i].reshape(30,1),pos_diff[i].reshape(1,30)) + sum_pos\n",
    "for i in range(len(neg_diff)):\n",
    "  sum_neg= np.dot(neg_diff[i].reshape(30,1),neg_diff[i].reshape(1,30)) + sum_neg\n",
    "\n",
    "#summation of (xn-M1)^2 = sum_pos\n",
    "#summation of (xn-M2)^2 = sum_neg\n",
    "\n",
    "covariance_matrix = sum_pos/N1 + sum_neg/N2  \n",
    "covariance_matrix\n"
   ]
  },
  {
   "cell_type": "code",
   "execution_count": 47,
   "id": "6589a736",
   "metadata": {},
   "outputs": [
    {
     "data": {
      "text/plain": [
       "array([[ 2.37219758e+02, -3.80162467e+00, -6.66540905e+01,\n",
       "        -1.27489215e+02, -4.27420577e+00, -7.41834156e+00,\n",
       "         5.55458500e+00, -1.18701942e+00, -3.94013590e-01,\n",
       "         1.09714214e+01,  1.20768920e+01, -2.99459950e+00,\n",
       "         8.81010999e+00, -1.01748778e+01,  2.34592865e+00,\n",
       "         1.38282336e-01,  2.94644779e+00, -7.53331023e+00,\n",
       "         2.90100663e-01, -2.07560146e+00, -1.41164634e+02,\n",
       "         6.65965115e+00, -5.84241055e-02,  9.62459709e+01,\n",
       "         4.14852615e+00,  2.32658675e+00, -5.81866181e+00,\n",
       "         8.37455595e+00,  7.82680976e-01, -1.01166416e-01],\n",
       "       [-3.80162467e+00,  6.39433517e+00, -6.01355488e-02,\n",
       "         5.67657216e-01, -3.71561685e-01, -7.23756440e-02,\n",
       "         1.32988784e+00, -8.85431236e-01, -5.42863860e-01,\n",
       "         5.55777256e-02, -2.08428588e+00,  2.13058442e+00,\n",
       "        -6.68241859e-01,  2.40253300e+00, -7.44485435e-01,\n",
       "        -1.37293992e-01,  5.38095989e-01, -4.86175994e-01,\n",
       "        -6.49813876e-01, -1.26435807e-01,  1.42219645e+00,\n",
       "        -7.61638322e+00,  4.02068481e+00, -1.80802588e+00,\n",
       "         1.37907396e+00, -7.18290235e-01, -1.50806885e+00,\n",
       "         1.39976801e+00,  1.14068054e+00, -2.07375982e-01],\n",
       "       [-6.66540905e+01, -6.01355488e-02,  6.39273571e+01,\n",
       "         3.75947377e+00,  4.24979148e-01, -4.01615711e+00,\n",
       "         1.61244499e+00,  4.81002190e-02, -4.28016778e-01,\n",
       "        -1.02252288e+00,  1.19287028e+00, -5.74101948e-02,\n",
       "        -1.09482006e+00, -4.75197945e-01, -2.06116673e-01,\n",
       "        -4.41059585e-02, -2.42835935e-01,  1.08379037e+00,\n",
       "        -2.34735737e-01,  2.35810442e-03,  1.15411866e+01,\n",
       "         4.74374040e-02, -8.12467560e+00, -1.89254853e+00,\n",
       "        -3.77175785e-01,  2.44600462e-01, -1.70245094e+00,\n",
       "        -6.67429137e-01,  6.51297431e-01,  8.86155674e-01],\n",
       "       [-1.27489215e+02,  5.67657216e-01,  3.75947377e+00,\n",
       "         1.08765923e+02,  3.17539162e+00,  1.00207783e+01,\n",
       "        -8.15037650e+00, -5.18414379e+00,  6.85180014e-01,\n",
       "        -6.11788319e+00,  6.69889685e-01,  1.43434658e+00,\n",
       "        -8.46458717e+00, -3.43750358e-01, -1.91549884e+00,\n",
       "        -7.62223314e-03, -3.16830795e+00,  5.31850167e+00,\n",
       "        -1.02075299e+00,  1.75379293e+00,  8.11980068e+01,\n",
       "        -1.99719022e+00,  5.80872037e+00, -6.99480707e+01,\n",
       "        -2.50188993e+00, -1.92996933e+00,  8.55536671e+00,\n",
